@8000
00 00 00 00 00 00 00 00 00 00 00 00 00 00 00 00 
00 00 00 00 00 00 00 00 00 00 00 00 00 00 00 00 
00 00 00 00 00 00 00 00 00 00 00 00 00 00 00 00 
00 00 00 00 00 00 00 00 00 00 00 00 00 00 00 00 
00 00 00 00 00 00 00 00 00 00 00 00 00 00 00 00 
00 00 00 00 00 00 00 00 00 00 00 00 00 00 00 00 
00 00 00 00 00 00 00 00 00 00 00 00 00 00 00 00 
00 00 00 00 00 00 00 00 00 00 00 00 00 00 00 00 
00 00 00 00 00 00 00 00 00 00 00 00 00 00 00 00 
00 00 00 00 00 00 00 00 00 00 00 00 00 00 00 00 
00 00 00 00 00 00 00 00 00 00 00 00 00 00 00 00 
00 00 00 00 00 00 00 00 00 00 00 00 00 00 00 00 
00 00 00 00 00 00 00 00 00 00 00 00 00 00 00 00 
00 00 00 00 00 00 00 00 00 00 00 00 00 00 00 00 
00 00 00 00 00 00 00 00 00 00 00 00 00 00 00 00 
00 00 00 00 00 00 00 00 00 00 00 00 00 00 00 00 
00 00 00 00 00 00 00 00 00 00 00 00 00 00 00 00 
00 00 00 00 00 00 00 00 00 00 00 00 00 00 00 00 
00 00 00 00 00 00 00 00 00 00 00 00 00 00 00 00 
00 00 00 00 00 00 00 00 00 00 00 00 00 00 00 00 
00 00 00 00 00 00 00 00 00 00 00 00 00 00 00 00 
00 00 00 00 00 00 00 00 00 00 00 00 00 00 00 00 
00 00 00 00 00 00 00 00 00 00 00 00 00 00 00 00 
00 00 00 00 00 00 00 00 00 00 00 00 00 00 00 00 
00 00 00 00 00 00 00 00 00 00 00 00 00 00 00 00 
00 00 00 00 00 00 00 00 00 00 00 00 00 00 00 00 
00 00 00 00 00 00 00 00 00 00 00 00 00 00 00 00 
00 00 00 00 00 00 00 00 00 00 00 00 00 00 00 00 
00 00 00 00 00 00 00 00 00 00 00 00 00 00 00 00 
00 00 00 00 00 00 00 00 00 00 00 00 00 00 00 00 
00 00 00 00 00 00 00 00 00 00 00 00 00 00 00 00 
00 00 00 00 00 00 00 00 00 00 00 00 00 00 00 00 
00 00 00 00 00 00 00 00 00 00 00 00 00 00 00 00 
00 00 00 00 00 00 00 00 00 00 00 00 00 00 00 00 
00 00 00 00 00 00 00 00 00 00 00 00 00 00 00 00 
00 00 00 00 00 00 00 00 00 00 00 00 00 00 00 00 
00 00 00 00 00 00 00 00 00 00 00 00 00 00 00 00 
00 00 00 00 00 00 00 00 00 00 00 00 00 00 00 00 
00 00 00 00 00 00 00 00 00 00 00 00 00 00 00 00 
00 00 00 00 00 00 00 00 00 00 00 00 00 00 00 00 
00 00 00 00 00 00 00 00 00 00 00 00 00 00 00 00 
00 00 00 00 00 00 00 00 00 00 00 00 00 00 00 00 
00 00 00 00 00 00 00 00 00 00 00 00 00 00 00 00 
00 00 00 00 00 00 00 00 00 00 00 00 00 00 00 00 
00 00 00 00 00 00 00 00 00 00 00 00 00 00 00 00 
00 00 00 00 00 00 00 00 00 00 00 00 00 00 00 00 
00 00 00 00 00 00 00 00 00 00 00 00 00 00 00 00 
00 00 00 00 00 00 00 00 00 00 00 00 00 00 00 00 
00 00 00 00 00 00 00 00 00 00 00 00 00 00 00 00 
00 00 00 00 00 00 00 00 00 00 00 00 00 00 00 00 
00 00 00 00 00 00 00 00 00 00 00 00 00 00 00 00 
00 00 00 00 00 00 00 00 00 00 00 00 00 00 00 00 
00 00 00 00 00 00 00 00 00 00 00 00 00 00 00 00 
00 00 00 00 00 00 00 00 00 00 00 00 00 00 00 00 
00 00 00 00 00 00 00 00 00 00 00 00 00 00 00 00 
00 00 00 00 00 00 00 00 00 00 00 00 00 00 00 00 
00 00 00 00 00 00 00 00 00 00 00 00 00 00 00 00 
00 00 00 00 00 00 00 00 00 00 00 00 00 00 00 00 
00 00 00 00 00 00 00 00 00 00 00 00 00 00 00 00 
00 00 00 00 00 00 00 00 00 00 00 00 00 00 00 00 
00 00 00 00 00 00 00 00 00 00 00 00 00 00 00 00 
00 00 00 00 00 00 00 00 00 00 00 00 00 00 00 00 
00 00 00 00 00 00 00 00 00 00 00 00 00 00 00 00 
00 00 00 00 00 00 00 00 00 00 00 00 00 00 00 00 
00 00 00 00 00 00 00 00 00 00 00 00 00 00 00 00 
00 00 00 00 00 00 00 00 00 00 00 00 00 00 00 00 
00 00 00 00 00 00 00 00 00 00 00 00 00 00 00 00 
00 00 00 00 00 00 00 00 00 00 00 00 00 00 00 00 
00 00 00 00 00 00 00 00 00 00 00 00 00 00 00 00 
00 00 00 00 00 00 00 00 00 00 00 00 00 00 00 00 
00 00 00 00 00 00 00 00 00 00 00 00 00 00 00 00 
00 00 00 00 00 00 00 00 00 00 00 00 00 00 00 00 
00 00 00 00 00 00 00 00 00 00 00 00 00 00 00 00 
00 00 00 00 00 00 00 00 00 00 00 00 00 00 00 00 
00 00 00 00 00 00 00 00 00 00 00 00 00 00 00 00 
00 00 00 00 00 00 00 00 00 00 00 00 00 00 00 00 
00 00 00 00 00 00 00 00 00 00 00 00 00 00 00 00 
00 00 00 00 00 00 00 00 00 00 00 00 00 00 00 00 
00 00 00 00 00 00 00 00 00 00 00 00 00 00 00 00 
00 00 00 00 00 00 00 00 00 00 00 00 00 00 00 00 
00 00 00 00 00 00 00 00 00 00 00 00 00 00 00 00 
00 00 00 00 00 00 00 00 00 00 00 00 00 00 00 00 
00 00 00 00 00 00 00 00 00 00 00 00 00 00 00 00 
00 00 00 00 00 00 00 00 00 00 00 00 00 00 00 00 
00 00 00 00 00 00 00 00 00 00 00 00 00 00 00 00 
00 00 00 00 00 00 00 00 00 00 00 00 00 00 00 00 
00 00 00 00 00 00 00 00 00 00 00 00 00 00 00 00 
00 00 00 00 00 00 00 00 00 00 00 00 00 00 00 00 
00 00 00 00 00 00 00 00 00 00 00 00 00 00 00 00 
00 00 00 00 00 00 00 00 00 00 00 00 00 00 00 00 
00 00 00 00 00 00 00 00 00 00 00 00 00 00 00 00 
00 00 00 00 00 00 00 00 00 00 00 00 00 00 00 00 
00 00 00 00 00 00 00 00 00 00 00 00 00 00 00 00 
00 00 00 00 00 00 00 00 00 00 00 00 00 00 00 00 
00 00 00 00 00 00 00 00 00 00 00 00 00 00 00 00 
00 00 00 00 00 00 00 00 00 00 00 00 00 00 00 00 
00 00 00 00 00 00 00 00 00 00 00 00 00 00 00 00 
00 00 00 00 00 00 00 00 00 00 00 00 00 00 00 00 
00 00 00 00 00 00 00 00 00 00 00 00 00 00 00 00 
00 00 00 00 00 00 00 00 00 00 00 00 00 00 00 00 
00 00 00 00 00 00 00 00 00 00 00 00 00 00 00 00 
00 00 00 00 00 00 00 00 00 00 00 00 00 00 00 00 
00 00 00 00 00 00 00 00 00 00 00 00 00 00 00 00 
00 00 00 00 00 00 00 00 00 00 00 00 00 00 00 00 
00 00 00 00 00 00 00 00 00 00 00 00 00 00 00 00 
00 00 00 00 00 00 00 00 00 00 00 00 00 00 00 00 
00 00 00 00 00 00 00 00 00 00 00 00 00 00 00 00 
00 00 00 00 00 00 00 00 00 00 00 00 00 00 00 00 
00 00 00 00 00 00 00 00 00 00 00 00 00 00 00 00 
00 00 00 00 00 00 00 00 00 00 00 00 00 00 00 00 
00 00 00 00 00 00 00 00 00 00 00 00 00 00 00 00 
00 00 00 00 00 00 00 00 00 00 00 00 00 00 00 00 
00 00 00 00 00 00 00 00 00 00 00 00 00 00 00 00 
00 00 00 00 00 00 00 00 00 00 00 00 00 00 00 00 
00 00 00 00 00 00 00 00 00 00 00 00 00 00 00 00 
00 00 00 00 00 00 00 00 00 00 00 00 00 00 00 00 
00 00 00 00 00 00 00 00 00 00 00 00 00 00 00 00 
00 00 00 00 00 00 00 00 00 00 00 00 00 00 00 00 
00 00 00 00 00 00 00 00 00 00 00 00 00 00 00 00 
00 00 00 00 00 00 00 00 00 00 00 00 00 00 00 00 
00 00 00 00 00 00 00 00 00 00 00 00 00 00 00 00 
00 00 00 00 00 00 00 00 00 00 00 00 00 00 00 00 
00 00 00 00 00 00 00 00 00 00 00 00 00 00 00 00 
00 00 00 00 00 00 00 00 00 00 00 00 00 00 00 00 
00 00 00 00 00 00 00 00 00 00 00 00 00 00 00 00 
00 00 00 00 00 00 00 00 00 00 00 00 00 00 00 00 
00 00 00 00 00 00 00 00 00 00 00 00 00 00 00 00 
00 00 00 00 00 00 00 00 00 00 00 00 00 00 00 00 
00 00 00 00 00 00 00 00 00 00 00 00 00 00 00 00 
00 00 00 00 00 00 00 00 00 00 00 00 00 00 00 00 
00 00 00 00 00 00 00 00 00 00 00 00 00 00 00 00 
00 00 00 00 00 00 00 00 00 00 00 00 00 00 00 00 
00 00 00 00 00 00 00 00 00 00 00 00 00 00 00 00 
00 00 00 00 00 00 00 00 00 00 00 00 00 00 00 00 
00 00 00 00 00 00 00 00 00 00 00 00 00 00 00 00 
00 00 00 00 00 00 00 00 00 00 00 00 00 00 00 00 
00 00 00 00 00 00 00 00 00 00 00 00 00 00 00 00 
00 00 00 00 00 00 00 00 00 00 00 00 00 00 00 00 
00 00 00 00 00 00 00 00 00 00 00 00 00 00 00 00 
00 00 00 00 00 00 00 00 00 00 00 00 00 00 00 00 
00 00 00 00 00 00 00 00 00 00 00 00 00 00 00 00 
00 00 00 00 00 00 00 00 00 00 00 00 00 00 00 00 
00 00 00 00 00 00 00 00 00 00 00 00 00 00 00 00 
00 00 00 00 00 00 00 00 00 00 00 00 00 00 00 00 
00 00 00 00 00 00 00 00 00 00 00 00 00 00 00 00 
00 00 00 00 00 00 00 00 00 00 00 00 00 00 00 00 
00 00 00 00 00 00 00 00 00 00 00 00 00 00 00 00 
00 00 00 00 00 00 00 00 00 00 00 00 00 00 00 00 
00 00 00 00 00 00 00 00 00 00 00 00 00 00 00 00 
00 00 00 00 00 00 00 00 00 00 00 00 00 00 00 00 
00 00 00 00 00 00 00 00 00 00 00 00 00 00 00 00 
00 00 00 00 00 00 00 00 00 00 00 00 00 00 00 00 
00 00 00 00 00 00 00 00 00 00 00 00 00 00 00 00 
00 00 00 00 00 00 00 00 00 00 00 00 00 00 00 00 
00 00 00 00 00 00 00 00 00 00 00 00 00 00 00 00 
00 00 00 00 00 00 00 00 00 00 00 00 00 00 00 00 
00 00 00 00 00 00 00 00 00 00 00 00 00 00 00 00 
00 00 00 00 00 00 00 00 00 00 00 00 00 00 00 00 
00 00 00 00 00 00 00 00 00 00 00 00 00 00 00 00 
00 00 00 00 00 00 00 00 00 00 00 00 00 00 00 00 
00 00 00 00 00 00 00 00 00 00 00 00 00 00 00 00 
00 00 00 00 00 00 00 00 00 00 00 00 00 00 00 00 
00 00 00 00 00 00 00 00 00 00 00 00 00 00 00 00 
00 00 00 00 00 00 00 00 00 00 00 00 00 00 00 00 
00 00 00 00 00 00 00 00 00 00 00 00 00 00 00 00 
00 00 00 00 00 00 00 00 00 00 00 00 00 00 00 00 
00 00 00 00 00 00 00 00 00 00 00 00 00 00 00 00 
00 00 00 00 00 00 00 00 00 00 00 00 00 00 00 00 
00 00 00 00 00 00 00 00 00 00 00 00 00 00 00 00 
00 00 00 00 00 00 00 00 00 00 00 00 00 00 00 00 
00 00 00 00 00 00 00 00 00 00 00 00 00 00 00 00 
00 00 00 00 00 00 00 00 00 00 00 00 00 00 00 00 
00 00 00 00 00 00 00 00 00 00 00 00 00 00 00 00 
00 00 00 00 00 00 00 00 00 00 00 00 00 00 00 00 
00 00 00 00 00 00 00 00 00 00 00 00 00 00 00 00 
00 00 00 00 00 00 00 00 00 00 00 00 00 00 00 00 
00 00 00 00 00 00 00 00 00 00 00 00 00 00 00 00 
00 00 00 00 00 00 00 00 00 00 00 00 00 00 00 00 
00 00 00 00 00 00 00 00 00 00 00 00 00 00 00 00 
00 00 00 00 00 00 00 00 00 00 00 00 00 00 00 00 
00 00 00 00 00 00 00 00 00 00 00 00 00 00 00 00 
00 00 00 00 00 00 00 00 00 00 00 00 00 00 00 00 
00 00 00 00 00 00 00 00 00 00 00 00 00 00 00 00 
00 00 00 00 00 00 00 00 00 00 00 00 00 00 00 00 
00 00 00 00 00 00 00 00 00 00 00 00 00 00 00 00 
00 00 00 00 00 00 00 00 00 00 00 00 00 00 00 00 
00 00 00 00 00 00 00 00 00 00 00 00 00 00 00 00 
00 00 00 00 00 00 00 00 00 00 00 00 00 00 00 00 
00 00 00 00 00 00 00 00 00 00 00 00 00 00 00 00 
00 00 00 00 00 00 00 00 00 00 00 00 00 00 00 00 
00 00 00 00 00 00 00 00 00 00 00 00 00 00 00 00 
00 00 00 00 00 00 00 00 00 00 00 00 00 00 00 00 
00 00 00 00 00 00 00 00 00 00 00 00 00 00 00 00 
00 00 00 00 00 00 00 00 00 00 00 00 00 00 00 00 
00 00 00 00 00 00 00 00 00 00 00 00 00 00 00 00 
00 00 00 00 00 00 00 00 00 00 00 00 00 00 00 00 
00 00 00 00 00 00 00 00 00 00 00 00 00 00 00 00 
00 00 00 00 00 00 00 00 00 00 00 00 00 00 00 00 
00 00 00 00 00 00 00 00 00 00 00 00 00 00 00 00 
00 00 00 00 00 00 00 00 00 00 00 00 00 00 00 00 
00 00 00 00 00 00 00 00 00 00 00 00 00 00 00 00 
00 00 00 00 00 00 00 00 00 00 00 00 00 00 00 00 
00 00 00 00 00 00 00 00 00 00 00 00 00 00 00 00 
00 00 00 00 00 00 00 00 00 00 00 00 00 00 00 00 
00 00 00 00 00 00 00 00 00 00 00 00 00 00 00 00 
00 00 00 00 00 00 00 00 00 00 00 00 00 00 00 00 
00 00 00 00 00 00 00 00 00 00 00 00 00 00 00 00 
00 00 00 00 00 00 00 00 00 00 00 00 00 00 00 00 
00 00 00 00 00 00 00 00 00 00 00 00 00 00 00 00 
00 00 00 00 00 00 00 00 00 00 00 00 00 00 00 00 
00 00 00 00 00 00 00 00 00 00 00 00 00 00 00 00 
00 00 00 00 00 00 00 00 00 00 00 00 00 00 00 00 
00 00 00 00 00 00 00 00 00 00 00 00 00 00 00 00 
00 00 00 00 00 00 00 00 00 00 00 00 00 00 00 00 
00 00 00 00 00 00 00 00 00 00 00 00 00 00 00 00 
00 00 00 00 00 00 00 00 00 00 00 00 00 00 00 00 
00 00 00 00 00 00 00 00 00 00 00 00 00 00 00 00 
00 00 00 00 00 00 00 00 00 00 00 00 00 00 00 00 
00 00 00 00 00 00 00 00 00 00 00 00 00 00 00 00 
00 00 00 00 00 00 00 00 00 00 00 00 00 00 00 00 
00 00 00 00 00 00 00 00 00 00 00 00 00 00 00 00 
00 00 00 00 00 00 00 00 00 00 00 00 00 00 00 00 
00 00 00 00 00 00 00 00 00 00 00 00 00 00 00 00 
00 00 00 00 00 00 00 00 00 00 00 00 00 00 00 00 
00 00 00 00 00 00 00 00 00 00 00 00 00 00 00 00 
00 00 00 00 00 00 00 00 00 00 00 00 00 00 00 00 
00 00 00 00 00 00 00 00 00 00 00 00 00 00 00 00 
00 00 00 00 00 00 00 00 00 00 00 00 00 00 00 00 
00 00 00 00 00 00 00 00 00 00 00 00 00 00 00 00 
00 00 00 00 00 00 00 00 00 00 00 00 00 00 00 00 
00 00 00 00 00 00 00 00 00 00 00 00 00 00 00 00 
00 00 00 00 00 00 00 00 00 00 00 00 00 00 00 00 
00 00 00 00 00 00 00 00 00 00 00 00 00 00 00 00 
00 00 00 00 00 00 00 00 00 00 00 00 00 00 00 00 
00 00 00 00 00 00 00 00 00 00 00 00 00 00 00 00 
00 00 00 00 00 00 00 00 00 00 00 00 00 00 00 00 
00 00 00 00 00 00 00 00 00 00 00 00 00 00 00 00 
00 00 00 00 00 00 00 00 00 00 00 00 00 00 00 00 
00 00 00 00 00 00 00 00 00 00 00 00 00 00 00 00 
00 00 00 00 00 00 00 00 00 00 00 00 00 00 00 00 
00 00 00 00 00 00 00 00 00 00 00 00 00 00 00 00 
00 00 00 00 00 00 00 00 00 00 00 00 00 00 00 00 
00 00 00 00 00 00 00 00 00 00 00 00 00 00 00 00 
00 00 00 00 00 00 00 00 00 00 00 00 00 00 00 00 
00 00 00 00 00 00 00 00 00 00 00 00 00 00 00 00 
00 00 00 00 00 00 00 00 00 00 00 00 00 00 00 00 
00 00 00 00 00 00 00 00 00 00 00 00 00 00 00 00 
00 00 00 00 00 00 00 00 00 00 00 00 00 00 00 00 
00 00 00 00 00 00 00 00 00 00 00 00 00 00 00 00 
00 00 00 00 00 00 00 00 00 00 00 00 00 00 00 00 
00 00 00 00 00 00 00 00 00 00 00 00 00 00 00 00 
00 00 00 00 00 00 00 00 00 00 00 00 00 00 00 00 
00 00 00 00 00 00 00 00 00 00 00 00 00 00 00 00 
00 00 00 00 00 00 00 00 00 00 00 00 00 00 00 00 
00 00 00 00 00 00 00 00 00 00 00 00 00 00 00 00 
00 00 00 00 00 00 00 00 00 00 00 00 00 00 00 00 
00 00 00 00 00 00 00 00 00 00 00 00 00 00 00 00 
00 00 00 00 00 00 00 00 00 00 00 00 00 00 00 00 
00 00 00 00 00 00 00 00 00 00 00 00 00 00 00 00 
00 00 00 00 00 00 00 00 00 00 00 00 00 00 00 00 
00 00 00 00 00 00 00 00 00 00 00 00 00 00 00 00 
00 00 00 00 00 00 00 00 00 00 00 00 00 00 00 00 
00 00 00 00 00 00 00 00 00 00 00 00 00 00 00 00 
00 00 00 00 00 00 00 00 00 00 00 00 00 00 00 00 
00 00 00 00 00 00 00 00 00 00 00 00 00 00 00 00 
00 00 00 00 00 00 00 00 00 00 00 00 00 00 00 00 
00 00 00 00 00 00 00 00 00 00 00 00 00 00 00 00 
00 00 00 00 00 00 00 00 00 00 00 00 00 00 00 00 
00 00 00 00 00 00 00 00 00 00 00 00 00 00 00 00 
00 00 00 00 00 00 00 00 00 00 00 00 00 00 00 00 
00 00 00 00 00 00 00 00 00 00 00 00 00 00 00 00 
00 00 00 00 00 00 00 00 00 00 00 00 00 00 00 00 
00 00 00 00 00 00 00 00 00 00 00 00 00 00 00 00 
00 00 00 00 00 00 00 00 00 00 00 00 00 00 00 00 
00 00 00 00 00 00 00 00 00 00 00 00 00 00 00 00 
00 00 00 00 00 00 00 00 00 00 00 00 00 00 00 00 
00 00 00 00 00 00 00 00 00 00 00 00 00 00 00 00 
00 00 00 00 00 00 00 00 00 00 00 00 00 00 00 00 
00 00 00 00 00 00 00 00 00 00 00 00 00 00 00 00 
00 00 00 00 00 00 00 00 00 00 00 00 00 00 00 00 
00 00 00 00 00 00 00 00 00 00 00 00 00 00 00 00 
00 00 00 00 00 00 00 00 00 00 00 00 00 00 00 00 
00 00 00 00 00 00 00 00 00 00 00 00 00 00 00 00 
00 00 00 00 00 00 00 00 00 00 00 00 00 00 00 00 
00 00 00 00 00 00 00 00 00 00 00 00 00 00 00 00 
00 00 00 00 00 00 00 00 00 00 00 00 00 00 00 00 
00 00 00 00 00 00 00 00 00 00 00 00 00 00 00 00 
00 00 00 00 00 00 00 00 00 00 00 00 00 00 00 00 
00 00 00 00 00 00 00 00 00 00 00 00 00 00 00 00 
00 00 00 00 00 00 00 00 00 00 00 00 00 00 00 00 
00 00 00 00 00 00 00 00 00 00 00 00 00 00 00 00 
00 00 00 00 00 00 00 00 00 00 00 00 00 00 00 00 
00 00 00 00 00 00 00 00 00 00 00 00 00 00 00 00 
00 00 00 00 00 00 00 00 00 00 00 00 00 00 00 00 
00 00 00 00 00 00 00 00 00 00 00 00 00 00 00 00 
00 00 00 00 00 00 00 00 00 00 00 00 00 00 00 00 
00 00 00 00 00 00 00 00 00 00 00 00 00 00 00 00 
00 00 00 00 00 00 00 00 00 00 00 00 00 00 00 00 
00 00 00 00 00 00 00 00 00 00 00 00 00 00 00 00 
00 00 00 00 00 00 00 00 00 00 00 00 00 00 00 00 
00 00 00 00 00 00 00 00 00 00 00 00 00 00 00 00 
00 00 00 00 00 00 00 00 00 00 00 00 00 00 00 00 
00 00 00 00 00 00 00 00 00 00 00 00 00 00 00 00 
00 00 00 00 00 00 00 00 00 00 00 00 00 00 00 00 
00 00 00 00 00 00 00 00 00 00 00 00 00 00 00 00 
00 00 00 00 00 00 00 00 00 00 00 00 00 00 00 00 
00 00 00 00 00 00 00 00 00 00 00 00 00 00 00 00 
00 00 00 00 00 00 00 00 00 00 00 00 00 00 00 00 
00 00 00 00 00 00 00 00 00 00 00 00 00 00 00 00 
00 00 00 00 00 00 00 00 00 00 00 00 00 00 00 00 
00 00 00 00 00 00 00 00 00 00 00 00 00 00 00 00 
00 00 00 00 00 00 00 00 00 00 00 00 00 00 00 00 
00 00 00 00 00 00 00 00 00 00 00 00 00 00 00 00 
00 00 00 00 00 00 00 00 00 00 00 00 00 00 00 00 
00 00 00 00 00 00 00 00 00 00 00 00 00 00 00 00 
00 00 00 00 00 00 00 00 00 00 00 00 00 00 00 00 
00 00 00 00 00 00 00 00 00 00 00 00 00 00 00 00 
00 00 00 00 00 00 00 00 00 00 00 00 00 00 00 00 
00 00 00 00 00 00 00 00 00 00 00 00 00 00 00 00 
00 00 00 00 00 00 00 00 00 00 00 00 00 00 00 00 
00 00 00 00 00 00 00 00 00 00 00 00 00 00 00 00 
00 00 00 00 00 00 00 00 00 00 00 00 00 00 00 00 
00 00 00 00 00 00 00 00 00 00 00 00 00 00 00 00 
00 00 00 00 00 00 00 00 00 00 00 00 00 00 00 00 
00 00 00 00 00 00 00 00 00 00 00 00 00 00 00 00 
00 00 00 00 00 00 00 00 00 00 00 00 00 00 00 00 
00 00 00 00 00 00 00 00 00 00 00 00 00 00 00 00 
00 00 00 00 00 00 00 00 00 00 00 00 00 00 00 00 
00 00 00 00 00 00 00 00 00 00 00 00 00 00 00 00 
00 00 00 00 00 00 00 00 00 00 00 00 00 00 00 00 
00 00 00 00 00 00 00 00 00 00 00 00 00 00 00 00 
00 00 00 00 00 00 00 00 00 00 00 00 00 00 00 00 
00 00 00 00 00 00 00 00 00 00 00 00 00 00 00 00 
00 00 00 00 00 00 00 00 00 00 00 00 00 00 00 00 
00 00 00 00 00 00 00 00 00 00 00 00 00 00 00 00 
00 00 00 00 00 00 00 00 00 00 00 00 00 00 00 00 
00 00 00 00 00 00 00 00 00 00 00 00 00 00 00 00 
00 00 00 00 00 00 00 00 00 00 00 00 00 00 00 00 
00 00 00 00 00 00 00 00 00 00 00 00 00 00 00 00 
00 00 00 00 00 00 00 00 00 00 00 00 00 00 00 00 
00 00 00 00 00 00 00 00 00 00 00 00 00 00 00 00 
00 00 00 00 00 00 00 00 00 00 00 00 00 00 00 00 
00 00 00 00 00 00 00 00 00 00 00 00 00 00 00 00 
00 00 00 00 00 00 00 00 00 00 00 00 00 00 00 00 
00 00 00 00 00 00 00 00 00 00 00 00 00 00 00 00 
00 00 00 00 00 00 00 00 00 00 00 00 00 00 00 00 
00 00 00 00 00 00 00 00 00 00 00 00 00 00 00 00 
00 00 00 00 00 00 00 00 00 00 00 00 00 00 00 00 
00 00 00 00 00 00 00 00 00 00 00 00 00 00 00 00 
00 00 00 00 00 00 00 00 00 00 00 00 00 00 00 00 
00 00 00 00 00 00 00 00 00 00 00 00 00 00 00 00 
00 00 00 00 00 00 00 00 00 00 00 00 00 00 00 00 
00 00 00 00 00 00 00 00 00 00 00 00 00 00 00 00 
00 00 00 00 00 00 00 00 00 00 00 00 00 00 00 00 
00 00 00 00 00 00 00 00 00 00 00 00 00 00 00 00 
00 00 00 00 00 00 00 00 00 00 00 00 00 00 00 00 
00 00 00 00 00 00 00 00 00 00 00 00 00 00 00 00 
00 00 00 00 00 00 00 00 00 00 00 00 00 00 00 00 
00 00 00 00 00 00 00 00 00 00 00 00 00 00 00 00 
00 00 00 00 00 00 00 00 00 00 00 00 00 00 00 00 
00 00 00 00 00 00 00 00 00 00 00 00 00 00 00 00 
00 00 00 00 00 00 00 00 00 00 00 00 00 00 00 00 
00 00 00 00 00 00 00 00 00 00 00 00 00 00 00 00 
00 00 00 00 00 00 00 00 00 00 00 00 00 00 00 00 
00 00 00 00 00 00 00 00 00 00 00 00 00 00 00 00 
00 00 00 00 00 00 00 00 00 00 00 00 00 00 00 00 
00 00 00 00 00 00 00 00 00 00 00 00 00 00 00 00 
00 00 00 00 00 00 00 00 00 00 00 00 00 00 00 00 
00 00 00 00 00 00 00 00 00 00 00 00 00 00 00 00 
00 00 00 00 00 00 00 00 00 00 00 00 00 00 00 00 
00 00 00 00 00 00 00 00 00 00 00 00 00 00 00 00 
00 00 00 00 00 00 00 00 00 00 00 00 00 00 00 00 
00 00 00 00 00 00 00 00 00 00 00 00 00 00 00 00 
00 00 00 00 00 00 00 00 00 00 00 00 00 00 00 00 
00 00 00 00 00 00 00 00 00 00 00 00 00 00 00 00 
00 00 00 00 00 00 00 00 00 00 00 00 00 00 00 00 
00 00 00 00 00 00 00 00 00 00 00 00 00 00 00 00 
00 00 00 00 00 00 00 00 00 00 00 00 00 00 00 00 
00 00 00 00 00 00 00 00 00 00 00 00 00 00 00 00 
00 00 00 00 00 00 00 00 00 00 00 00 00 00 00 00 
00 00 00 00 00 00 00 00 00 00 00 00 00 00 00 00 
00 00 00 00 00 00 00 00 00 00 00 00 00 00 00 00 
00 00 00 00 00 00 00 00 00 00 00 00 00 00 00 00 
00 00 00 00 00 00 00 00 00 00 00 00 00 00 00 00 
00 00 00 00 00 00 00 00 00 00 00 00 00 00 00 00 
00 00 00 00 00 00 00 00 00 00 00 00 00 00 00 00 
00 00 00 00 00 00 00 00 00 00 00 00 00 00 00 00 
00 00 00 00 00 00 00 00 00 00 00 00 00 00 00 00 
00 00 00 00 00 00 00 00 00 00 00 00 00 00 00 00 
00 00 00 00 00 00 00 00 00 00 00 00 00 00 00 00 
00 00 00 00 00 00 00 00 00 00 00 00 00 00 00 00 
00 00 00 00 00 00 00 00 00 00 00 00 00 00 00 00 
00 00 00 00 00 00 00 00 00 00 00 00 00 00 00 00 
00 00 00 00 00 00 00 00 00 00 00 00 00 00 00 00 
00 00 00 00 00 00 00 00 00 00 00 00 00 00 00 00 
00 00 00 00 00 00 00 00 00 00 00 00 00 00 00 00 
00 00 00 00 00 00 00 00 00 00 00 00 00 00 00 00 
00 00 00 00 00 00 00 00 00 00 00 00 00 00 00 00 
00 00 00 00 00 00 00 00 00 00 00 00 00 00 00 00 
00 00 00 00 00 00 00 00 00 00 00 00 00 00 00 00 
00 00 00 00 00 00 00 00 00 00 00 00 00 00 00 00 
00 00 00 00 00 00 00 00 00 00 00 00 00 00 00 00 
00 00 00 00 00 00 00 00 00 00 00 00 00 00 00 00 
00 00 00 00 00 00 00 00 00 00 00 00 00 00 00 00 
00 00 00 00 00 00 00 00 00 00 00 00 00 00 00 00 
00 00 00 00 00 00 00 00 00 00 00 00 00 00 00 00 
00 00 00 00 00 00 00 00 00 00 00 00 00 00 00 00 
00 00 00 00 00 00 00 00 00 00 00 00 00 00 00 00 
00 00 00 00 00 00 00 00 00 00 00 00 00 00 00 00 
00 00 00 00 00 00 00 00 00 00 00 00 00 00 00 00 
00 00 00 00 00 00 00 00 00 00 00 00 00 00 00 00 
00 00 00 00 00 00 00 00 00 00 00 00 00 00 00 00 
00 00 00 00 00 00 00 00 00 00 00 00 00 00 00 00 
00 00 00 00 00 00 00 00 00 00 00 00 00 00 00 00 
00 00 00 00 00 00 00 00 00 00 00 00 00 00 00 00 
00 00 00 00 00 00 00 00 00 00 00 00 00 00 00 00 
00 00 00 00 00 00 00 00 00 00 00 00 00 00 00 00 
00 00 00 00 00 00 00 00 00 00 00 00 00 00 00 00 
00 00 00 00 00 00 00 00 00 00 00 00 00 00 00 00 
00 00 00 00 00 00 00 00 00 00 00 00 00 00 00 00 
00 00 00 00 00 00 00 00 00 00 00 00 00 00 00 00 
00 00 00 00 00 00 00 00 00 00 00 00 00 00 00 00 
00 00 00 00 00 00 00 00 00 00 00 00 00 00 00 00 
00 00 00 00 00 00 00 00 00 00 00 00 00 00 00 00 
00 00 00 00 00 00 00 00 00 00 00 00 00 00 00 00 
00 00 00 00 00 00 00 00 00 00 00 00 00 00 00 00 
00 00 00 00 00 00 00 00 00 00 00 00 00 00 00 00 
00 00 00 00 00 00 00 00 00 00 00 00 00 00 00 00 
00 00 00 00 00 00 00 00 00 00 00 00 00 00 00 00 
00 00 00 00 00 00 00 00 00 00 00 00 00 00 00 00 
00 00 00 00 00 00 00 00 00 00 00 00 00 00 00 00 
00 00 00 00 00 00 00 00 00 00 00 00 00 00 00 00 
00 00 00 00 00 00 00 00 00 00 00 00 00 00 00 00 
00 00 00 00 00 00 00 00 00 00 00 00 00 00 00 00 
00 00 00 00 00 00 00 00 00 00 00 00 00 00 00 00 
00 00 00 00 00 00 00 00 00 00 00 00 00 00 00 00 
00 00 00 00 00 00 00 00 00 00 00 00 00 00 00 00 
00 00 00 00 00 00 00 00 00 00 00 00 00 00 00 00 
00 00 00 00 00 00 00 00 00 00 00 00 00 00 00 00 
00 00 00 00 00 00 00 00 00 00 00 00 00 00 00 00 
00 00 00 00 00 00 00 00 00 00 00 00 00 00 00 00 
00 00 00 00 00 00 00 00 00 00 00 00 00 00 00 00 
00 00 00 00 00 00 00 00 00 00 00 00 00 00 00 00 
00 00 00 00 00 00 00 00 00 00 00 00 00 00 00 00 
00 00 00 00 00 00 00 00 00 00 00 00 00 00 00 00 
00 00 00 00 00 00 00 00 00 00 00 00 00 00 00 00 
00 00 00 00 00 00 00 00 00 00 00 00 00 00 00 00 
00 00 00 00 00 00 00 00 00 00 00 00 00 00 00 00 
00 00 00 00 00 00 00 00 00 00 00 00 00 00 00 00 
00 00 00 00 00 00 00 00 00 00 00 00 00 00 00 00 
00 00 00 00 00 00 00 00 00 00 00 00 00 00 00 00 
00 00 00 00 00 00 00 00 00 00 00 00 00 00 00 00 
00 00 00 00 00 00 00 00 00 00 00 00 00 00 00 00 
00 00 00 00 00 00 00 00 00 00 00 00 00 00 00 00 
00 00 00 00 00 00 00 00 00 00 00 00 00 00 00 00 
00 00 00 00 00 00 00 00 00 00 00 00 00 00 00 00 
00 00 00 00 00 00 00 00 00 00 00 00 00 00 00 00 
00 00 00 00 00 00 00 00 00 00 00 00 00 00 00 00 
00 00 00 00 00 00 00 00 00 00 00 00 00 00 00 00 
00 00 00 00 00 00 00 00 00 00 00 00 00 00 00 00 
00 00 00 00 00 00 00 00 00 00 00 00 00 00 00 00 
00 00 00 00 00 00 00 00 00 00 00 00 00 00 00 00 
00 00 00 00 00 00 00 00 00 00 00 00 00 00 00 00 
00 00 00 00 00 00 00 00 00 00 00 00 00 00 00 00 
00 00 00 00 00 00 00 00 00 00 00 00 00 00 00 00 
00 00 00 00 00 00 00 00 00 00 00 00 00 00 00 00 
00 00 00 00 00 00 00 00 00 00 00 00 00 00 00 00 
00 00 00 00 00 00 00 00 00 00 00 00 00 00 00 00 
00 00 00 00 00 00 00 00 00 00 00 00 00 00 00 00 
00 00 00 00 00 00 00 00 00 00 00 00 00 00 00 00 
00 00 00 00 00 00 00 00 00 00 00 00 00 00 00 00 
00 00 00 00 00 00 00 00 00 00 00 00 00 00 00 00 
00 00 00 00 00 00 00 00 00 00 00 00 00 00 00 00 
00 00 00 00 00 00 00 00 00 00 00 00 00 00 00 00 
00 00 00 00 00 00 00 00 00 00 00 00 00 00 00 00 
00 00 00 00 00 00 00 00 00 00 00 00 00 00 00 00 
00 00 00 00 00 00 00 00 00 00 00 00 00 00 00 00 
00 00 00 00 00 00 00 00 00 00 00 00 00 00 00 00 
00 00 00 00 00 00 00 00 00 00 00 00 00 00 00 00 
00 00 00 00 00 00 00 00 00 00 00 00 00 00 00 00 
00 00 00 00 00 00 00 00 00 00 00 00 00 00 00 00 
00 00 00 00 00 00 00 00 00 00 00 00 00 00 00 00 
00 00 00 00 00 00 00 00 00 00 00 00 00 00 00 00 
00 00 00 00 00 00 00 00 00 00 00 00 00 00 00 00 
00 00 00 00 00 00 00 00 00 00 00 00 00 00 00 00 
00 00 00 00 00 00 00 00 00 00 00 00 00 00 00 00 
00 00 00 00 00 00 00 00 00 00 00 00 00 00 00 00 
00 00 00 00 00 00 00 00 00 00 00 00 00 00 00 00 
00 00 00 00 00 00 00 00 00 00 00 00 00 00 00 00 
00 00 00 00 00 00 00 00 00 00 00 00 00 00 00 00 
00 00 00 00 00 00 00 00 00 00 00 00 00 00 00 00 
00 00 00 00 00 00 00 00 00 00 00 00 00 00 00 00 
00 00 00 00 00 00 00 00 00 00 00 00 00 00 00 00 
00 00 00 00 00 00 00 00 00 00 00 00 00 00 00 00 
00 00 00 00 00 00 00 00 00 00 00 00 00 00 00 00 
00 00 00 00 00 00 00 00 00 00 00 00 00 00 00 00 
00 00 00 00 00 00 00 00 00 00 00 00 00 00 00 00 
00 00 00 00 00 00 00 00 00 00 00 00 00 00 00 00 
00 00 00 00 00 00 00 00 00 00 00 00 00 00 00 00 
00 00 00 00 00 00 00 00 00 00 00 00 00 00 00 00 
00 00 00 00 00 00 00 00 00 00 00 00 00 00 00 00 
00 00 00 00 00 00 00 00 00 00 00 00 00 00 00 00 
00 00 00 00 00 00 00 00 00 00 00 00 00 00 00 00 
00 00 00 00 00 00 00 00 00 00 00 00 00 00 00 00 
00 00 00 00 00 00 00 00 00 00 00 00 00 00 00 00 
00 00 00 00 00 00 00 00 00 00 00 00 00 00 00 00 
00 00 00 00 00 00 00 00 00 00 00 00 00 00 00 00 
00 00 00 00 00 00 00 00 00 00 00 00 00 00 00 00 
00 00 00 00 00 00 00 00 00 00 00 00 00 00 00 00 
00 00 00 00 00 00 00 00 00 00 00 00 00 00 00 00 
00 00 00 00 00 00 00 00 00 00 00 00 00 00 00 00 
00 00 00 00 00 00 00 00 00 00 00 00 00 00 00 00 
00 00 00 00 00 00 00 00 00 00 00 00 00 00 00 00 
00 00 00 00 00 00 00 00 00 00 00 00 00 00 00 00 
00 00 00 00 00 00 00 00 00 00 00 00 00 00 00 00 
00 00 00 00 00 00 00 00 00 00 00 00 00 00 00 00 
00 00 00 00 00 00 00 00 00 00 00 00 00 00 00 00 
00 00 00 00 00 00 00 00 00 00 00 00 00 00 00 00 
00 00 00 00 00 00 00 00 00 00 00 00 00 00 00 00 
00 00 00 00 00 00 00 00 00 00 00 00 00 00 00 00 
00 00 00 00 00 00 00 00 00 00 00 00 00 00 00 00 
00 00 00 00 00 00 00 00 00 00 00 00 00 00 00 00 
00 00 00 00 00 00 00 00 00 00 00 00 00 00 00 00 
00 00 00 00 00 00 00 00 00 00 00 00 00 00 00 00 
00 00 00 00 00 00 00 00 00 00 00 00 00 00 00 00 
00 00 00 00 00 00 00 00 00 00 00 00 00 00 00 00 
00 00 00 00 00 00 00 00 00 00 00 00 00 00 00 00 
00 00 00 00 00 00 00 00 00 00 00 00 00 00 00 00 
00 00 00 00 00 00 00 00 00 00 00 00 00 00 00 00 
00 00 00 00 00 00 00 00 00 00 00 00 00 00 00 00 
00 00 00 00 00 00 00 00 00 00 00 00 00 00 00 00 
00 00 00 00 00 00 00 00 00 00 00 00 00 00 00 00 
00 00 00 00 00 00 00 00 00 00 00 00 00 00 00 00 
00 00 00 00 00 00 00 00 00 00 00 00 00 00 00 00 
00 00 00 00 00 00 00 00 00 00 00 00 00 00 00 00 
00 00 00 00 00 00 00 00 00 00 00 00 00 00 00 00 
00 00 00 00 00 00 00 00 00 00 00 00 00 00 00 00 
00 00 00 00 00 00 00 00 00 00 00 00 00 00 00 00 
00 00 00 00 00 00 00 00 00 00 00 00 00 00 00 00 
00 00 00 00 00 00 00 00 00 00 00 00 00 00 00 00 
00 00 00 00 00 00 00 00 00 00 00 00 00 00 00 00 
00 00 00 00 00 00 00 00 00 00 00 00 00 00 00 00 
00 00 00 00 00 00 00 00 00 00 00 00 00 00 00 00 
00 00 00 00 00 00 00 00 00 00 00 00 00 00 00 00 
00 00 00 00 00 00 00 00 00 00 00 00 00 00 00 00 
00 00 00 00 00 00 00 00 00 00 00 00 00 00 00 00 
00 00 00 00 00 00 00 00 00 00 00 00 00 00 00 00 
00 00 00 00 00 00 00 00 00 00 00 00 00 00 00 00 
00 00 00 00 00 00 00 00 00 00 00 00 00 00 00 00 
00 00 00 00 00 00 00 00 00 00 00 00 00 00 00 00 
00 00 00 00 00 00 00 00 00 00 00 00 00 00 00 00 
00 00 00 00 00 00 00 00 00 00 00 00 00 00 00 00 
00 00 00 00 00 00 00 00 00 00 00 00 00 00 00 00 
00 00 00 00 00 00 00 00 00 00 00 00 00 00 00 00 
00 00 00 00 00 00 00 00 00 00 00 00 00 00 00 00 
00 00 00 00 00 00 00 00 00 00 00 00 00 00 00 00 
00 00 00 00 00 00 00 00 00 00 00 00 00 00 00 00 
00 00 00 00 00 00 00 00 00 00 00 00 00 00 00 00 
00 00 00 00 00 00 00 00 00 00 00 00 00 00 00 00 
00 00 00 00 00 00 00 00 00 00 00 00 00 00 00 00 
00 00 00 00 00 00 00 00 00 00 00 00 00 00 00 00 
00 00 00 00 00 00 00 00 00 00 00 00 00 00 00 00 
00 00 00 00 00 00 00 00 00 00 00 00 00 00 00 00 
00 00 00 00 00 00 00 00 00 00 00 00 00 00 00 00 
00 00 00 00 00 00 00 00 00 00 00 00 00 00 00 00 
00 00 00 00 00 00 00 00 00 00 00 00 00 00 00 00 
00 00 00 00 00 00 00 00 00 00 00 00 00 00 00 00 
00 00 00 00 00 00 00 00 00 00 00 00 00 00 00 00 
00 00 00 00 00 00 00 00 00 00 00 00 00 00 00 00 
00 00 00 00 00 00 00 00 00 00 00 00 00 00 00 00 
00 00 00 00 00 00 00 00 00 00 00 00 00 00 00 00 
00 00 00 00 00 00 00 00 00 00 00 00 00 00 00 00 
00 00 00 00 00 00 00 00 00 00 00 00 00 00 00 00 
00 00 00 00 00 00 00 00 00 00 00 00 00 00 00 00 
00 00 00 00 00 00 00 00 00 00 00 00 00 00 00 00 
00 00 00 00 00 00 00 00 00 00 00 00 00 00 00 00 
00 00 00 00 00 00 00 00 00 00 00 00 00 00 00 00 
00 00 00 00 00 00 00 00 00 00 00 00 00 00 00 00 
00 00 00 00 00 00 00 00 00 00 00 00 00 00 00 00 
00 00 00 00 00 00 00 00 00 00 00 00 00 00 00 00 
00 00 00 00 00 00 00 00 00 00 00 00 00 00 00 00 
00 00 00 00 00 00 00 00 00 00 00 00 00 00 00 00 
00 00 00 00 00 00 00 00 00 00 00 00 00 00 00 00 
00 00 00 00 00 00 00 00 00 00 00 00 00 00 00 00 
00 00 00 00 00 00 00 00 00 00 00 00 00 00 00 00 
00 00 00 00 00 00 00 00 00 00 00 00 00 00 00 00 
00 00 00 00 00 00 00 00 00 00 00 00 00 00 00 00 
00 00 00 00 00 00 00 00 00 00 00 00 00 00 00 00 
00 00 00 00 00 00 00 00 00 00 00 00 00 00 00 00 
00 00 00 00 00 00 00 00 00 00 00 00 00 00 00 00 
00 00 00 00 00 00 00 00 00 00 00 00 00 00 00 00 
00 00 00 00 00 00 00 00 00 00 00 00 00 00 00 00 
00 00 00 00 00 00 00 00 00 00 00 00 00 00 00 00 
00 00 00 00 00 00 00 00 00 00 00 00 00 00 00 00 
00 00 00 00 00 00 00 00 00 00 00 00 00 00 00 00 
00 00 00 00 00 00 00 00 00 00 00 00 00 00 00 00 
00 00 00 00 00 00 00 00 00 00 00 00 00 00 00 00 
00 00 00 00 00 00 00 00 00 00 00 00 00 00 00 00 
00 00 00 00 00 00 00 00 00 00 00 00 00 00 00 00 
00 00 00 00 00 00 00 00 00 00 00 00 00 00 00 00 
00 00 00 00 00 00 00 00 00 00 00 00 00 00 00 00 
00 00 00 00 00 00 00 00 00 00 00 00 00 00 00 00 
00 00 00 00 00 00 00 00 00 00 00 00 00 00 00 00 
00 00 00 00 00 00 00 00 00 00 00 00 00 00 00 00 
00 00 00 00 00 00 00 00 00 00 00 00 00 00 00 00 
00 00 00 00 00 00 00 00 00 00 00 00 00 00 00 00 
00 00 00 00 00 00 00 00 00 00 00 00 00 00 00 00 
00 00 00 00 00 00 00 00 00 00 00 00 00 00 00 00 
00 00 00 00 00 00 00 00 00 00 00 00 00 00 00 00 
00 00 00 00 00 00 00 00 00 00 00 00 00 00 00 00 
00 00 00 00 00 00 00 00 00 00 00 00 00 00 00 00 
00 00 00 00 00 00 00 00 00 00 00 00 00 00 00 00 
00 00 00 00 00 00 00 00 00 00 00 00 00 00 00 00 
00 00 00 00 00 00 00 00 00 00 00 00 00 00 00 00 
00 00 00 00 00 00 00 00 00 00 00 00 00 00 00 00 
00 00 00 00 00 00 00 00 00 00 00 00 00 00 00 00 
00 00 00 00 00 00 00 00 00 00 00 00 00 00 00 00 
00 00 00 00 00 00 00 00 00 00 00 00 00 00 00 00 
00 00 00 00 00 00 00 00 00 00 00 00 00 00 00 00 
00 00 00 00 00 00 00 00 00 00 00 00 00 00 00 00 
00 00 00 00 00 00 00 00 00 00 00 00 00 00 00 00 
00 00 00 00 00 00 00 00 00 00 00 00 00 00 00 00 
00 00 00 00 00 00 00 00 00 00 00 00 00 00 00 00 
00 00 00 00 00 00 00 00 00 00 00 00 00 00 00 00 
00 00 00 00 00 00 00 00 00 00 00 00 00 00 00 00 
00 00 00 00 00 00 00 00 00 00 00 00 00 00 00 00 
00 00 00 00 00 00 00 00 00 00 00 00 00 00 00 00 
00 00 00 00 00 00 00 00 00 00 00 00 00 00 00 00 
00 00 00 00 00 00 00 00 00 00 00 00 00 00 00 00 
00 00 00 00 00 00 00 00 00 00 00 00 00 00 00 00 
00 00 00 00 00 00 00 00 00 00 00 00 00 00 00 00 
00 00 00 00 00 00 00 00 00 00 00 00 00 00 00 00 
00 00 00 00 00 00 00 00 00 00 00 00 00 00 00 00 
00 00 00 00 00 00 00 00 00 00 00 00 00 00 00 00 
00 00 00 00 00 00 00 00 00 00 00 00 00 00 00 00 
00 00 00 00 00 00 00 00 00 00 00 00 00 00 00 00 
00 00 00 00 00 00 00 00 00 00 00 00 00 00 00 00 
00 00 00 00 00 00 00 00 00 00 00 00 00 00 00 00 
00 00 00 00 00 00 00 00 00 00 00 00 00 00 00 00 
00 00 00 00 00 00 00 00 00 00 00 00 00 00 00 00 
00 00 00 00 00 00 00 00 00 00 00 00 00 00 00 00 
00 00 00 00 00 00 00 00 00 00 00 00 00 00 00 00 
00 00 00 00 00 00 00 00 00 00 00 00 00 00 00 00 
00 00 00 00 00 00 00 00 00 00 00 00 00 00 00 00 
00 00 00 00 00 00 00 00 00 00 00 00 00 00 00 00 
00 00 00 00 00 00 00 00 00 00 00 00 00 00 00 00 
00 00 00 00 00 00 00 00 00 00 00 00 00 00 00 00 
00 00 00 00 00 00 00 00 00 00 00 00 00 00 00 00 
00 00 00 00 00 00 00 00 00 00 00 00 00 00 00 00 
00 00 00 00 00 00 00 00 00 00 00 00 00 00 00 00 
00 00 00 00 00 00 00 00 00 00 00 00 00 00 00 00 
00 00 00 00 00 00 00 00 00 00 00 00 00 00 00 00 
00 00 00 00 00 00 00 00 00 00 00 00 00 00 00 00 
00 00 00 00 00 00 00 00 00 00 00 00 00 00 00 00 
00 00 00 00 00 00 00 00 00 00 00 00 00 00 00 00 
00 00 00 00 00 00 00 00 00 00 00 00 00 00 00 00 
00 00 00 00 00 00 00 00 00 00 00 00 00 00 00 00 
00 00 00 00 00 00 00 00 00 00 00 00 00 00 00 00 
00 00 00 00 00 00 00 00 00 00 00 00 00 00 00 00 
00 00 00 00 00 00 00 00 00 00 00 00 00 00 00 00 
00 00 00 00 00 00 00 00 00 00 00 00 00 00 00 00 
00 00 00 00 00 00 00 00 00 00 00 00 00 00 00 00 
00 00 00 00 00 00 00 00 00 00 00 00 00 00 00 00 
00 00 00 00 00 00 00 00 00 00 00 00 00 00 00 00 
00 00 00 00 00 00 00 00 00 00 00 00 00 00 00 00 
00 00 00 00 00 00 00 00 00 00 00 00 00 00 00 00 
00 00 00 00 00 00 00 00 00 00 00 00 00 00 00 00 
00 00 00 00 00 00 00 00 00 00 00 00 00 00 00 00 
00 00 00 00 00 00 00 00 00 00 00 00 00 00 00 00 
00 00 00 00 00 00 00 00 00 00 00 00 00 00 00 00 
00 00 00 00 00 00 00 00 00 00 00 00 00 00 00 00 
00 00 00 00 00 00 00 00 00 00 00 00 00 00 00 00 
00 00 00 00 00 00 00 00 00 00 00 00 00 00 00 00 
00 00 00 00 00 00 00 00 00 00 00 00 00 00 00 00 
00 00 00 00 00 00 00 00 00 00 00 00 00 00 00 00 
00 00 00 00 00 00 00 00 00 00 00 00 00 00 00 00 
00 00 00 00 00 00 00 00 00 00 00 00 00 00 00 00 
00 00 00 00 00 00 00 00 00 00 00 00 00 00 00 00 
00 00 00 00 00 00 00 00 00 00 00 00 00 00 00 00 
00 00 00 00 00 00 00 00 00 00 00 00 00 00 00 00 
00 00 00 00 00 00 00 00 00 00 00 00 00 00 00 00 
00 00 00 00 00 00 00 00 00 00 00 00 00 00 00 00 
00 00 00 00 00 00 00 00 00 00 00 00 00 00 00 00 
00 00 00 00 00 00 00 00 00 00 00 00 00 00 00 00 
00 00 00 00 00 00 00 00 00 00 00 00 00 00 00 00 
00 00 00 00 00 00 00 00 00 00 00 00 00 00 00 00 
00 00 00 00 00 00 00 00 00 00 00 00 00 00 00 00 
00 00 00 00 00 00 00 00 00 00 00 00 00 00 00 00 
00 00 00 00 00 00 00 00 00 00 00 00 00 00 00 00 
00 00 00 00 00 00 00 00 00 00 00 00 00 00 00 00 
00 00 00 00 00 00 00 00 00 00 00 00 00 00 00 00 
00 00 00 00 00 00 00 00 00 00 00 00 00 00 00 00 
00 00 00 00 00 00 00 00 00 00 00 00 00 00 00 00 
00 00 00 00 00 00 00 00 00 00 00 00 00 00 00 00 
00 00 00 00 00 00 00 00 00 00 00 00 00 00 00 00 
00 00 00 00 00 00 00 00 00 00 00 00 00 00 00 00 
00 00 00 00 00 00 00 00 00 00 00 00 00 00 00 00 
00 00 00 00 00 00 00 00 00 00 00 00 00 00 00 00 
00 00 00 00 00 00 00 00 00 00 00 00 00 00 00 00 
00 00 00 00 00 00 00 00 00 00 00 00 00 00 00 00 
00 00 00 00 00 00 00 00 00 00 00 00 00 00 00 00 
00 00 00 00 00 00 00 00 00 00 00 00 00 00 00 00 
00 00 00 00 00 00 00 00 00 00 00 00 00 00 00 00 
00 00 00 00 00 00 00 00 00 00 00 00 00 00 00 00 
00 00 00 00 00 00 00 00 00 00 00 00 00 00 00 00 
00 00 00 00 00 00 00 00 00 00 00 00 00 00 00 00 
00 00 00 00 00 00 00 00 00 00 00 00 00 00 00 00 
00 00 00 00 00 00 00 00 00 00 00 00 00 00 00 00 
00 00 00 00 00 00 00 00 00 00 00 00 00 00 00 00 
00 00 00 00 00 00 00 00 00 00 00 00 00 00 00 00 
00 00 00 00 00 00 00 00 00 00 00 00 00 00 00 00 
00 00 00 00 00 00 00 00 00 00 00 00 00 00 00 00 
00 00 00 00 00 00 00 00 00 00 00 00 00 00 00 00 
00 00 00 00 00 00 00 00 00 00 00 00 00 00 00 00 
00 00 00 00 00 00 00 00 00 00 00 00 00 00 00 00 
00 00 00 00 00 00 00 00 00 00 00 00 00 00 00 00 
00 00 00 00 00 00 00 00 00 00 00 00 00 00 00 00 
00 00 00 00 00 00 00 00 00 00 00 00 00 00 00 00 
00 00 00 00 00 00 00 00 00 00 00 00 00 00 00 00 
00 00 00 00 00 00 00 00 00 00 00 00 00 00 00 00 
00 00 00 00 00 00 00 00 00 00 00 00 00 00 00 00 
00 00 00 00 00 00 00 00 00 00 00 00 00 00 00 00 
00 00 00 00 00 00 00 00 00 00 00 00 00 00 00 00 
00 00 00 00 00 00 00 00 00 00 00 00 00 00 00 00 
00 00 00 00 00 00 00 00 00 00 00 00 00 00 00 00 
00 00 00 00 00 00 00 00 00 00 00 00 00 00 00 00 
00 00 00 00 00 00 00 00 00 00 00 00 00 00 00 00 
00 00 00 00 00 00 00 00 00 00 00 00 00 00 00 00 
00 00 00 00 00 00 00 00 00 00 00 00 00 00 00 00 
00 00 00 00 00 00 00 00 00 00 00 00 00 00 00 00 
00 00 00 00 00 00 00 00 00 00 00 00 00 00 00 00 
00 00 00 00 00 00 00 00 00 00 00 00 00 00 00 00 
00 00 00 00 00 00 00 00 00 00 00 00 00 00 00 00 
00 00 00 00 00 00 00 00 00 00 00 00 00 00 00 00 
00 00 00 00 00 00 00 00 00 00 00 00 00 00 00 00 
00 00 00 00 00 00 00 00 00 00 00 00 00 00 00 00 
00 00 00 00 00 00 00 00 00 00 00 00 00 00 00 00 
00 00 00 00 00 00 00 00 00 00 00 00 00 00 00 00 
00 00 00 00 00 00 00 00 00 00 00 00 00 00 00 00 
00 00 00 00 00 00 00 00 00 00 00 00 00 00 00 00 
00 00 00 00 00 00 00 00 00 00 00 00 00 00 00 00 
00 00 00 00 00 00 00 00 00 00 00 00 00 00 00 00 
00 00 00 00 00 00 00 00 00 00 00 00 00 00 00 00 
00 00 00 00 00 00 00 00 00 00 00 00 00 00 00 00 
00 00 00 00 00 00 00 00 00 00 00 00 00 00 00 00 
00 00 00 00 00 00 00 00 00 00 00 00 00 00 00 00 
00 00 00 00 00 00 00 00 00 00 00 00 00 00 00 00 
00 00 00 00 00 00 00 00 00 00 00 00 00 00 00 00 
00 00 00 00 00 00 00 00 00 00 00 00 00 00 00 00 
00 00 00 00 00 00 00 00 00 00 00 00 00 00 00 00 
00 00 00 00 00 00 00 00 00 00 00 00 00 00 00 00 
00 00 00 00 00 00 00 00 00 00 00 00 00 00 00 00 
00 00 00 00 00 00 00 00 00 00 00 00 00 00 00 00 
00 00 00 00 00 00 00 00 00 00 00 00 00 00 00 00 
00 00 00 00 00 00 00 00 00 00 00 00 00 00 00 00 
00 00 00 00 00 00 00 00 00 00 00 00 00 00 00 00 
00 00 00 00 00 00 00 00 00 00 00 00 00 00 00 00 
00 00 00 00 00 00 00 00 00 00 00 00 00 00 00 00 
00 00 00 00 00 00 00 00 00 00 00 00 00 00 00 00 
00 00 00 00 00 00 00 00 00 00 00 00 00 00 00 00 
00 00 00 00 00 00 00 00 00 00 00 00 00 00 00 00 
00 00 00 00 00 00 00 00 00 00 00 00 00 00 00 00 
00 00 00 00 00 00 00 00 00 00 00 00 00 00 00 00 
00 00 00 00 00 00 00 00 00 00 00 00 00 00 00 00 
00 00 00 00 00 00 00 00 00 00 00 00 00 00 00 00 
00 00 00 00 00 00 00 00 00 00 00 00 00 00 00 00 
00 00 00 00 00 00 00 00 00 00 00 00 00 00 00 00 
00 00 00 00 00 00 00 00 00 00 00 00 00 00 00 00 
00 00 00 00 00 00 00 00 00 00 00 00 00 00 00 00 
00 00 00 00 00 00 00 00 00 00 00 00 00 00 00 00 
00 00 00 00 00 00 00 00 00 00 00 00 00 00 00 00 
00 00 00 00 00 00 00 00 00 00 00 00 00 00 00 00 
00 00 00 00 00 00 00 00 00 00 00 00 00 00 00 00 
00 00 00 00 00 00 00 00 00 00 00 00 00 00 00 00 
00 00 00 00 00 00 00 00 00 00 00 00 00 00 00 00 
00 00 00 00 00 00 00 00 00 00 00 00 00 00 00 00 
00 00 00 00 00 00 00 00 00 00 00 00 00 00 00 00 
00 00 00 00 00 00 00 00 00 00 00 00 00 00 00 00 
00 00 00 00 00 00 00 00 00 00 00 00 00 00 00 00 
00 00 00 00 00 00 00 00 00 00 00 00 00 00 00 00 
00 00 00 00 00 00 00 00 00 00 00 00 00 00 00 00 
00 00 00 00 00 00 00 00 00 00 00 00 00 00 00 00 
00 00 00 00 00 00 00 00 00 00 00 00 00 00 00 00 
00 00 00 00 00 00 00 00 00 00 00 00 00 00 00 00 
00 00 00 00 00 00 00 00 00 00 00 00 00 00 00 00 
00 00 00 00 00 00 00 00 00 00 00 00 00 00 00 00 
00 00 00 00 00 00 00 00 00 00 00 00 00 00 00 00 
00 00 00 00 00 00 00 00 00 00 00 00 00 00 00 00 
00 00 00 00 00 00 00 00 00 00 00 00 00 00 00 00 
00 00 00 00 00 00 00 00 00 00 00 00 00 00 00 00 
00 00 00 00 00 00 00 00 00 00 00 00 00 00 00 00 
00 00 00 00 00 00 00 00 00 00 00 00 00 00 00 00 
00 00 00 00 00 00 00 00 00 00 00 00 00 00 00 00 
00 00 00 00 00 00 00 00 00 00 00 00 00 00 00 00 
00 00 00 00 00 00 00 00 00 00 00 00 00 00 00 00 
00 00 00 00 00 00 00 00 00 00 00 00 00 00 00 00 
00 00 00 00 00 00 00 00 00 00 00 00 00 00 00 00 
00 00 00 00 00 00 00 00 00 00 00 00 00 00 00 00 
00 00 00 00 00 00 00 00 00 00 00 00 00 00 00 00 
00 00 00 00 00 00 00 00 00 00 00 00 00 00 00 00 
00 00 00 00 00 00 00 00 00 00 00 00 00 00 00 00 
00 00 00 00 00 00 00 00 00 00 00 00 00 00 00 00 
00 00 00 00 00 00 00 00 00 00 00 00 00 00 00 00 
00 00 00 00 00 00 00 00 00 00 00 00 00 00 00 00 
00 00 00 00 00 00 00 00 00 00 00 00 00 00 00 00 
00 00 00 00 00 00 00 00 00 00 00 00 00 00 00 00 
00 00 00 00 00 00 00 00 00 00 00 00 00 00 00 00 
00 00 00 00 00 00 00 00 00 00 00 00 00 00 00 00 
00 00 00 00 00 00 00 00 00 00 00 00 00 00 00 00 
00 00 00 00 00 00 00 00 00 00 00 00 00 00 00 00 
00 00 00 00 00 00 00 00 00 00 00 00 00 00 00 00 
00 00 00 00 00 00 00 00 00 00 00 00 00 00 00 00 
00 00 00 00 00 00 00 00 00 00 00 00 00 00 00 00 
00 00 00 00 00 00 00 00 00 00 00 00 00 00 00 00 
00 00 00 00 00 00 00 00 00 00 00 00 00 00 00 00 
00 00 00 00 00 00 00 00 00 00 00 00 00 00 00 00 
00 00 00 00 00 00 00 00 00 00 00 00 00 00 00 00 
00 00 00 00 00 00 00 00 00 00 00 00 00 00 00 00 
00 00 00 00 00 00 00 00 00 00 00 00 00 00 00 00 
00 00 00 00 00 00 00 00 00 00 00 00 00 00 00 00 
00 00 00 00 00 00 00 00 00 00 00 00 00 00 00 00 
00 00 00 00 00 00 00 00 00 00 00 00 00 00 00 00 
00 00 00 00 00 00 00 00 00 00 00 00 00 00 00 00 
00 00 00 00 00 00 00 00 00 00 00 00 00 00 00 00 
00 00 00 00 00 00 00 00 00 00 00 00 00 00 00 00 
00 00 00 00 00 00 00 00 00 00 00 00 00 00 00 00 
00 00 00 00 00 00 00 00 00 00 00 00 00 00 00 00 
00 00 00 00 00 00 00 00 00 00 00 00 00 00 00 00 
00 00 00 00 00 00 00 00 00 00 00 00 00 00 00 00 
00 00 00 00 00 00 00 00 00 00 00 00 00 00 00 00 
00 00 00 00 00 00 00 00 00 00 00 00 00 00 00 00 
00 00 00 00 00 00 00 00 00 00 00 00 00 00 00 00 
00 00 00 00 00 00 00 00 00 00 00 00 00 00 00 00 
00 00 00 00 00 00 00 00 00 00 00 00 00 00 00 00 
00 00 00 00 00 00 00 00 00 00 00 00 00 00 00 00 
00 00 00 00 00 00 00 00 00 00 00 00 00 00 00 00 
00 00 00 00 00 00 00 00 00 00 00 00 00 00 00 00 
00 00 00 00 00 00 00 00 00 00 00 00 00 00 00 00 
00 00 00 00 00 00 00 00 00 00 00 00 00 00 00 00 
00 00 00 00 00 00 00 00 00 00 00 00 00 00 00 00 
00 00 00 00 00 00 00 00 00 00 00 00 00 00 00 00 
00 00 00 00 00 00 00 00 00 00 00 00 00 00 00 00 
00 00 00 00 00 00 00 00 00 00 00 00 00 00 00 00 
00 00 00 00 00 00 00 00 00 00 00 00 00 00 00 00 
00 00 00 00 00 00 00 00 00 00 00 00 00 00 00 00 
00 00 00 00 00 00 00 00 00 00 00 00 00 00 00 00 
00 00 00 00 00 00 00 00 00 00 00 00 00 00 00 00 
00 00 00 00 00 00 00 00 00 00 00 00 00 00 00 00 
00 00 00 00 00 00 00 00 00 00 00 00 00 00 00 00 
00 00 00 00 00 00 00 00 00 00 00 00 00 00 00 00 
00 00 00 00 00 00 00 00 00 00 00 00 00 00 00 00 
00 00 00 00 00 00 00 00 00 00 00 00 00 00 00 00 
00 00 00 00 00 00 00 00 00 00 00 00 00 00 00 00 
00 00 00 00 00 00 00 00 00 00 00 00 00 00 00 00 
00 00 00 00 00 00 00 00 00 00 00 00 00 00 00 00 
00 00 00 00 00 00 00 00 00 00 00 00 00 00 00 00 
00 00 00 00 00 00 00 00 00 00 00 00 00 00 00 00 
00 00 00 00 00 00 00 00 00 00 00 00 00 00 00 00 
00 00 00 00 00 00 00 00 00 00 00 00 00 00 00 00 
00 00 00 00 00 00 00 00 00 00 00 00 00 00 00 00 
00 00 00 00 00 00 00 00 00 00 00 00 00 00 00 00 
00 00 00 00 00 00 00 00 00 00 00 00 00 00 00 00 
00 00 00 00 00 00 00 00 00 00 00 00 00 00 00 00 
00 00 00 00 00 00 00 00 00 00 00 00 00 00 00 00 
00 00 00 00 00 00 00 00 00 00 00 00 00 00 00 00 
00 00 00 00 00 00 00 00 00 00 00 00 00 00 00 00 
00 00 00 00 00 00 00 00 00 00 00 00 00 00 00 00 
00 00 00 00 00 00 00 00 00 00 00 00 00 00 00 00 
00 00 00 00 00 00 00 00 00 00 00 00 00 00 00 00 
00 00 00 00 00 00 00 00 00 00 00 00 00 00 00 00 
00 00 00 00 00 00 00 00 00 00 00 00 00 00 00 00 
00 00 00 00 00 00 00 00 00 00 00 00 00 00 00 00 
00 00 00 00 00 00 00 00 00 00 00 00 00 00 00 00 
00 00 00 00 00 00 00 00 00 00 00 00 00 00 00 00 
00 00 00 00 00 00 00 00 00 00 00 00 00 00 00 00 
00 00 00 00 00 00 00 00 00 00 00 00 00 00 00 00 
00 00 00 00 00 00 00 00 00 00 00 00 00 00 00 00 
00 00 00 00 00 00 00 00 00 00 00 00 00 00 00 00 
00 00 00 00 00 00 00 00 00 00 00 00 00 00 00 00 
00 00 00 00 00 00 00 00 00 00 00 00 00 00 00 00 
00 00 00 00 00 00 00 00 00 00 00 00 00 00 00 00 
00 00 00 00 00 00 00 00 00 00 00 00 00 00 00 00 
00 00 00 00 00 00 00 00 00 00 00 00 00 00 00 00 
00 00 00 00 00 00 00 00 00 00 00 00 00 00 00 00 
00 00 00 00 00 00 00 00 00 00 00 00 00 00 00 00 
00 00 00 00 00 00 00 00 00 00 00 00 00 00 00 00 
00 00 00 00 00 00 00 00 00 00 00 00 00 00 00 00 
00 00 00 00 00 00 00 00 00 00 00 00 00 00 00 00 
00 00 00 00 00 00 00 00 00 00 00 00 00 00 00 00 
00 00 00 00 00 00 00 00 00 00 00 00 00 00 00 00 
00 00 00 00 00 00 00 00 00 00 00 00 00 00 00 00 
00 00 00 00 00 00 00 00 00 00 00 00 00 00 00 00 
00 00 00 00 00 00 00 00 00 00 00 00 00 00 00 00 
00 00 00 00 00 00 00 00 00 00 00 00 00 00 00 00 
00 00 00 00 00 00 00 00 00 00 00 00 00 00 00 00 
00 00 00 00 00 00 00 00 00 00 00 00 00 00 00 00 
00 00 00 00 00 00 00 00 00 00 00 00 00 00 00 00 
00 00 00 00 00 00 00 00 00 00 00 00 00 00 00 00 
00 00 00 00 00 00 00 00 00 00 00 00 00 00 00 00 
00 00 00 00 00 00 00 00 00 00 00 00 00 00 00 00 
00 00 00 00 00 00 00 00 00 00 00 00 00 00 00 00 
00 00 00 00 00 00 00 00 00 00 00 00 00 00 00 00 
00 00 00 00 00 00 00 00 00 00 00 00 00 00 00 00 
00 00 00 00 00 00 00 00 00 00 00 00 00 00 00 00 
00 00 00 00 00 00 00 00 00 00 00 00 00 00 00 00 
00 00 00 00 00 00 00 00 00 00 00 00 00 00 00 00 
00 00 00 00 00 00 00 00 00 00 00 00 00 00 00 00 
00 00 00 00 00 00 00 00 00 00 00 00 00 00 00 00 
00 00 00 00 00 00 00 00 00 00 00 00 00 00 00 00 
00 00 00 00 00 00 00 00 00 00 00 00 00 00 00 00 
00 00 00 00 00 00 00 00 00 00 00 00 00 00 00 00 
00 00 00 00 00 00 00 00 00 00 00 00 00 00 00 00 
00 00 00 00 00 00 00 00 00 00 00 00 00 00 00 00 
00 00 00 00 00 00 00 00 00 00 00 00 00 00 00 00 
00 00 00 00 00 00 00 00 00 00 00 00 00 00 00 00 
00 00 00 00 00 00 00 00 00 00 00 00 00 00 00 00 
00 00 00 00 00 00 00 00 00 00 00 00 00 00 00 00 
00 00 00 00 00 00 00 00 00 00 00 00 00 00 00 00 
00 00 00 00 00 00 00 00 00 00 00 00 00 00 00 00 
00 00 00 00 00 00 00 00 00 00 00 00 00 00 00 00 
00 00 00 00 00 00 00 00 00 00 00 00 00 00 00 00 
00 00 00 00 00 00 00 00 00 00 00 00 00 00 00 00 
00 00 00 00 00 00 00 00 00 00 00 00 00 00 00 00 
00 00 00 00 00 00 00 00 00 00 00 00 00 00 00 00 
00 00 00 00 00 00 00 00 00 00 00 00 00 00 00 00 
00 00 00 00 00 00 00 00 00 00 00 00 00 00 00 00 
00 00 00 00 00 00 00 00 00 00 00 00 00 00 00 00 
00 00 00 00 00 00 00 00 00 00 00 00 00 00 00 00 
00 00 00 00 00 00 00 00 00 00 00 00 00 00 00 00 
00 00 00 00 00 00 00 00 00 00 00 00 00 00 00 00 
00 00 00 00 00 00 00 00 00 00 00 00 00 00 00 00 
00 00 00 00 00 00 00 00 00 00 00 00 00 00 00 00 
00 00 00 00 00 00 00 00 00 00 00 00 00 00 00 00 
00 00 00 00 00 00 00 00 00 00 00 00 00 00 00 00 
00 00 00 00 00 00 00 00 00 00 00 00 00 00 00 00 
00 00 00 00 00 00 00 00 00 00 00 00 00 00 00 00 
00 00 00 00 00 00 00 00 00 00 00 00 00 00 00 00 
00 00 00 00 00 00 00 00 00 00 00 00 00 00 00 00 
00 00 00 00 00 00 00 00 00 00 00 00 00 00 00 00 
00 00 00 00 00 00 00 00 00 00 00 00 00 00 00 00 
00 00 00 00 00 00 00 00 00 00 00 00 00 00 00 00 
00 00 00 00 00 00 00 00 00 00 00 00 00 00 00 00 
00 00 00 00 00 00 00 00 00 00 00 00 00 00 00 00 
00 00 00 00 00 00 00 00 00 00 00 00 00 00 00 00 
00 00 00 00 00 00 00 00 00 00 00 00 00 00 00 00 
00 00 00 00 00 00 00 00 00 00 00 00 00 00 00 00 
00 00 00 00 00 00 00 00 00 00 00 00 00 00 00 00 
00 00 00 00 00 00 00 00 00 00 00 00 00 00 00 00 
00 00 00 00 00 00 00 00 00 00 00 00 00 00 00 00 
00 00 00 00 00 00 00 00 00 00 00 00 00 00 00 00 
00 00 00 00 00 00 00 00 00 00 00 00 00 00 00 00 
00 00 00 00 00 00 00 00 00 00 00 00 00 00 00 00 
00 00 00 00 00 00 00 00 00 00 00 00 00 00 00 00 
00 00 00 00 00 00 00 00 00 00 00 00 00 00 00 00 
00 00 00 00 00 00 00 00 00 00 00 00 00 00 00 00 
00 00 00 00 00 00 00 00 00 00 00 00 00 00 00 00 
00 00 00 00 00 00 00 00 00 00 00 00 00 00 00 00 
00 00 00 00 00 00 00 00 00 00 00 00 00 00 00 00 
00 00 00 00 00 00 00 00 00 00 00 00 00 00 00 00 
00 00 00 00 00 00 00 00 00 00 00 00 00 00 00 00 
00 00 00 00 00 00 00 00 00 00 00 00 00 00 00 00 
00 00 00 00 00 00 00 00 00 00 00 00 00 00 00 00 
00 00 00 00 00 00 00 00 00 00 00 00 00 00 00 00 
00 00 00 00 00 00 00 00 00 00 00 00 00 00 00 00 
00 00 00 00 00 00 00 00 00 00 00 00 00 00 00 00 
00 00 00 00 00 00 00 00 00 00 00 00 00 00 00 00 
00 00 00 00 00 00 00 00 00 00 00 00 00 00 00 00 
00 00 00 00 00 00 00 00 00 00 00 00 00 00 00 00 
00 00 00 00 00 00 00 00 00 00 00 00 00 00 00 00 
00 00 00 00 00 00 00 00 00 00 00 00 00 00 00 00 
00 00 00 00 00 00 00 00 00 00 00 00 00 00 00 00 
00 00 00 00 00 00 00 00 00 00 00 00 00 00 00 00 
00 00 00 00 00 00 00 00 00 00 00 00 00 00 00 00 
00 00 00 00 00 00 00 00 00 00 00 00 00 00 00 00 
00 00 00 00 00 00 00 00 00 00 00 00 00 00 00 00 
00 00 00 00 00 00 00 00 00 00 00 00 00 00 00 00 
00 00 00 00 00 00 00 00 00 00 00 00 00 00 00 00 
00 00 00 00 00 00 00 00 00 00 00 00 00 00 00 00 
00 00 00 00 00 00 00 00 00 00 00 00 00 00 00 00 
00 00 00 00 00 00 00 00 00 00 00 00 00 00 00 00 
00 00 00 00 00 00 00 00 00 00 00 00 00 00 00 00 
00 00 00 00 00 00 00 00 00 00 00 00 00 00 00 00 
00 00 00 00 00 00 00 00 00 00 00 00 00 00 00 00 
00 00 00 00 00 00 00 00 00 00 00 00 00 00 00 00 
00 00 00 00 00 00 00 00 00 00 00 00 00 00 00 00 
00 00 00 00 00 00 00 00 00 00 00 00 00 00 00 00 
00 00 00 00 00 00 00 00 00 00 00 00 00 00 00 00 
00 00 00 00 00 00 00 00 00 00 00 00 00 00 00 00 
00 00 00 00 00 00 00 00 00 00 00 00 00 00 00 00 
00 00 00 00 00 00 00 00 00 00 00 00 00 00 00 00 
00 00 00 00 00 00 00 00 00 00 00 00 00 00 00 00 
00 00 00 00 00 00 00 00 00 00 00 00 00 00 00 00 
00 00 00 00 00 00 00 00 00 00 00 00 00 00 00 00 
00 00 00 00 00 00 00 00 00 00 00 00 00 00 00 00 
00 00 00 00 00 00 00 00 00 00 00 00 00 00 00 00 
00 00 00 00 00 00 00 00 00 00 00 00 00 00 00 00 
00 00 00 00 00 00 00 00 00 00 00 00 00 00 00 00 
00 00 00 00 00 00 00 00 00 00 00 00 00 00 00 00 
00 00 00 00 00 00 00 00 00 00 00 00 00 00 00 00 
00 00 00 00 00 00 00 00 00 00 00 00 00 00 00 00 
00 00 00 00 00 00 00 00 00 00 00 00 00 00 00 00 
00 00 00 00 00 00 00 00 00 00 00 00 00 00 00 00 
00 00 00 00 00 00 00 00 00 00 00 00 00 00 00 00 
00 00 00 00 00 00 00 00 00 00 00 00 00 00 00 00 
00 00 00 00 00 00 00 00 00 00 00 00 00 00 00 00 
00 00 00 00 00 00 00 00 00 00 00 00 00 00 00 00 
00 00 00 00 00 00 00 00 00 00 00 00 00 00 00 00 
00 00 00 00 00 00 00 00 00 00 00 00 00 00 00 00 
00 00 00 00 00 00 00 00 00 00 00 00 00 00 00 00 
00 00 00 00 00 00 00 00 00 00 00 00 00 00 00 00 
00 00 00 00 00 00 00 00 00 00 00 00 00 00 00 00 
00 00 00 00 00 00 00 00 00 00 00 00 00 00 00 00 
00 00 00 00 00 00 00 00 00 00 00 00 00 00 00 00 
00 00 00 00 00 00 00 00 00 00 00 00 00 00 00 00 
00 00 00 00 00 00 00 00 00 00 00 00 00 00 00 00 
00 00 00 00 00 00 00 00 00 00 00 00 00 00 00 00 
00 00 00 00 00 00 00 00 00 00 00 00 00 00 00 00 
00 00 00 00 00 00 00 00 00 00 00 00 00 00 00 00 
00 00 00 00 00 00 00 00 00 00 00 00 00 00 00 00 
00 00 00 00 00 00 00 00 00 00 00 00 00 00 00 00 
00 00 00 00 00 00 00 00 00 00 00 00 00 00 00 00 
00 00 00 00 00 00 00 00 00 00 00 00 00 00 00 00 
00 00 00 00 00 00 00 00 00 00 00 00 00 00 00 00 
00 00 00 00 00 00 00 00 00 00 00 00 00 00 00 00 
00 00 00 00 00 20 00 20 01 00 00 04 00 00 01 00 
00 02 00 00 00 00 00 
@c400
01 5D 00 00 00 F4 01 64 00 60 05 00 70 00 00 D1 
00 41 FF F0 CC F6 00 00 0C ED 00 00 04 F9 00 00 
00 00 06 04 00 00 00 C4 00 00 06 24 00 00 20 C4 
00 00 00 20 00 00 00 20 20 20 20 20 20 20 20 20 
28 28 28 28 28 20 20 20 20 20 20 20 20 20 20 20 
20 20 20 20 20 20 20 88 10 10 10 10 10 10 10 10 
10 10 10 10 10 10 10 44 44 44 44 44 44 44 44 44 
44 10 10 10 10 10 10 10 41 41 41 41 41 41 01 01 
01 01 01 01 01 01 01 01 01 01 01 01 01 01 01 01 
01 01 10 10 10 10 10 10 42 42 42 42 42 42 02 02 
02 02 02 02 02 02 02 02 02 02 02 02 02 02 02 02 
02 02 10 10 10 10 20 00 00 00 00 00 00 00 00 00 
00 00 00 00 00 00 00 00 00 00 00 00 00 00 00 00 
00 00 00 00 00 00 00 00 00 00 00 00 00 00 00 00 
00 00 00 00 00 00 00 00 00 00 00 00 00 00 00 00 
00 00 00 00 00 00 00 00 00 00 00 00 00 00 00 00 
00 00 00 00 00 00 00 00 00 00 00 00 00 00 00 00 
00 00 00 00 00 00 00 00 00 00 00 00 00 00 00 00 
00 00 00 00 00 00 00 00 00 00 00 00 00 00 00 00 
00 00 00 00 00 00 00 00 7B 22 63 6C 65 61 72 22 
3A 31 7D 0A 00 00 7B 22 69 6E 70 75 74 53 69 67 
6E 61 6C 53 6F 75 72 63 65 22 3A 25 64 7D 0A 00 
7B 22 73 69 67 6E 61 6C 54 79 70 65 22 3A 25 64 
7D 0A 00 00 7B 22 73 69 67 6E 61 6C 46 72 65 71 
22 3A 25 64 7D 0A 00 00 7B 22 73 69 67 6E 61 6C 
41 6D 70 22 3A 25 64 7D 0A 00 7B 22 64 61 63 46 
72 65 71 22 3A 25 64 7D 0A 00 7B 22 6F 70 41 6D 
70 4D 6F 64 65 22 3A 25 64 7D 0A 00 7B 22 6F 70 
41 6D 70 47 61 69 6E 22 3A 25 64 7D 0A 00 7B 22 
61 64 63 46 72 65 71 22 3A 25 64 7D 0A 00 7B 22 
61 22 3A 25 64 7D 0A 00 69 6E 70 75 74 53 69 67 
6E 61 6C 53 6F 75 72 63 65 00 73 69 67 6E 61 6C 
54 79 70 65 00 00 73 69 67 6E 61 6C 46 72 65 71 
00 00 73 69 67 6E 61 6C 41 6D 70 00 64 61 63 46 
72 65 71 00 61 64 63 46 72 65 71 00 6F 70 41 6D 
70 4D 6F 64 65 00 6F 70 41 6D 70 47 61 69 6E 00 
6D 6F 64 65 00 00 00 00 00 02 00 02 20 02 20 02 
40 02 40 02 60 02 60 02 80 02 80 02 FF FF FF FF 
20 03 30 31 32 33 34 35 36 37 38 39 61 62 63 64 
65 66 00 00 25 00 0D D0 00 00 27 7D D2 FF 55 55 
55 05 00 00 00 C0 FF FF FF 7F 00 00 00 00 00 00 
00 00 00 00 00 00 00 00 00 00 97 7F F9 FF 11 11 
11 01 AA AA AA EA FF FF FF 7F 00 00 00 00 00 00 
00 00 00 00 00 00 00 00 00 00 00 00 00 00 00 00 
00 00 00 00 00 00 00 00 00 00 00 00 00 00 00 00 
00 00 00 00 00 00 00 00 00 00 00 00 6A 14 B1 00 
34 00 CF 0D 71 0C 30 00 17 4F 04 00 19 4F 06 00 
CC 07 CD 09 B0 13 C0 F3 CA 0C C8 0D 2B 4F 1F 4F 
02 00 CC 07 CD 09 B0 13 7A F3 C9 0F 89 10 49 49 
0C 59 0D 63 C4 0D CD 0C 3D F0 FF 3F 81 4D 16 00 
04 F3 CC 0B CD 0F B0 13 B0 F3 C9 0C C7 0D 39 F0 
FF 3F 07 F3 CC 0B CD 0F 3C F0 FF 03 0D F3 B0 13 
8A F3 81 4C 24 00 81 4D 26 00 16 4E 04 00 1B 4E 
06 00 CC 06 CD 0B B0 13 C0 F3 81 4C 00 00 81 4D 
02 00 CF 0C 81 4F 0E 00 CF 0D 81 4F 10 00 2F 4E 
1E 4E 02 00 CC 06 CD 0B B0 13 7A F3 CB 0E 8B 10 
4B 4B 0C 5B 0D 63 81 4D 1A 00 CD 0C 3D F0 FF 3F 
81 4D 18 00 81 F3 1A 00 CC 0F CD 0E B0 13 B0 F3 
81 4D 1E 00 CD 0C 3D F0 FF 3F 81 4D 1C 00 81 F3 
1E 00 3F F0 FF 03 0E F3 CC 0F CD 0E B0 13 8A F3 
81 4C 28 00 81 4D 2A 00 2C 41 1D 41 02 00 3E 40 
87 07 0F 43 B0 13 14 F7 B0 13 2C F3 35 40 58 5A 
06 43 05 8C 06 7D CC 05 CD 06 B0 13 30 CB CE 0D 
3F 40 00 80 0D 43 0F 8C 0D 7E CC 0F CE 05 CF 06 
B0 13 14 F7 B0 13 2C F3 C5 0C C6 0D B0 13 30 CB 
CE 0D 0F 43 1D 43 0F 8C 0D 7E CC 0F CE 05 CF 06 
B0 13 14 F7 CF 0D 3D B0 00 80 0D 7D 3D E3 05 5F 
0D 66 81 4D 0C 00 81 45 0A 00 81 43 00 00 81 43 
02 00 81 43 08 00 2C 41 1D 41 02 00 1E 41 0A 00 
1F 41 0C 00 B0 13 14 F7 C5 0C C6 0D 56 01 55 00 
56 01 55 00 CC 0A CD 08 1E 41 0A 00 1F 41 0C 00 
B0 13 14 F7 CF 0D 3D B0 00 80 0D 7D 3D E3 05 5F 
06 6D 2C 41 1D 41 02 00 B0 13 62 F3 0A 5C 08 6D 
1F 41 08 00 3F B0 00 80 0E 7E 3E E3 0E 93 02 20 
0F 93 1E 24 1F 83 0E 73 02 20 0F 93 14 24 1F 83 
0E 73 02 20 0F 93 0A 24 1F 83 0E 73 15 20 0F 93 
13 20 81 45 2C 00 81 46 2E 00 0E 3C 81 45 20 00 
81 46 22 00 09 3C 81 45 04 00 81 46 06 00 04 3C 
81 45 12 00 81 46 14 00 35 E3 36 E3 15 53 06 63 
81 45 00 00 81 46 02 00 CC 05 CD 06 1E 41 0E 00 
1F 41 10 00 B0 13 14 F7 C5 0C C6 0D B0 13 24 F3 
0A 5C 08 6D 1C 41 18 00 1D 41 1A 00 B0 13 30 CB 
35 F0 FF 3F 06 F3 15 51 16 00 06 64 0C 55 C4 06 
04 6D 81 4C 16 00 1C 41 18 00 2D 41 B0 13 AA F8 
C5 0C 35 B0 00 80 06 76 36 E3 35 F0 FF 3F 06 F3 
05 59 06 67 1C 41 1C 00 1D 41 1E 00 2E 41 1F 41 
02 00 B0 13 14 F7 B0 13 24 F3 C9 0C C7 0D 09 55 
07 66 1C 41 28 00 1D 41 2A 00 2E 41 1F 41 02 00 
B0 13 14 F7 CB 0C CF 0D 1C 41 1C 00 2D 41 B0 13 
AA F8 C6 0C 36 B0 00 80 0E 7E 3E E3 36 F0 FF 3F 
0E F3 16 51 24 00 1E 61 26 00 CC 0B CD 0F B0 13 
24 F3 0C 56 0D 6E 81 4D 26 00 81 4C 24 00 B0 13 
24 F3 09 5C 07 6D CC 09 CD 07 B0 13 24 F3 1E 41 
16 00 0E 5C 04 6D CC 0E CD 04 B0 13 24 F3 0A 5C 
08 6D 81 4A 00 00 81 48 02 00 CA 0E C8 04 3A F0 
FF 3F 08 F3 C4 07 CE 09 3E F0 FF 3F 81 4E 16 00 
04 F3 19 41 24 00 17 41 26 00 39 F0 FF 3F 07 F3 
81 4F 26 00 CF 0B 3F F0 FF 3F 81 4F 24 00 81 F3 
26 00 91 53 08 00 1F 41 08 00 2F 92 0C 3B 1C 41 
20 00 1D 41 22 00 B0 13 62 F3 1C 51 2C 00 1D 61 
2E 00 81 4D 22 00 81 4C 20 00 1C 41 12 00 1D 41 
14 00 B0 13 62 F3 1E 41 22 00 4B 18 0E 11 3E B0 
00 80 0F 7F 3F E3 0E 5C 0F 6D 1E 51 04 00 1C 41 
06 00 0C 6F 81 4C 14 00 81 4E 12 00 1C 41 20 00 
1D 41 22 00 3C F3 3D F0 FF 0F 1F 41 14 00 3F 90 
00 10 05 38 02 20 0E 93 02 28 0E 43 0D 3C CF 0E 
5F 02 81 4F 12 00 1E 41 14 00 CF 0E 0F 6E 81 4F 
14 00 5C 02 0D 6D 3E 43 B0 13 50 F3 1C 53 0D 63 
5D 01 5C 00 CB 0D 1F 41 12 00 4F 4F 8F 10 0B 5F 
3F 01 30 00 8F 4C 00 00 8F 4B 02 00 CC 0D 8C 10 
8C 11 CD 0C 3D B0 00 80 0F 7F 3F E3 1C 41 12 00 
0C 5D CD 0F 1D 61 14 00 B0 13 3C F3 3D 90 20 00 
03 28 09 20 0C 93 07 2C 3F 01 30 00 8F 4C 04 00 
8F 4D 06 00 08 3C 3F 01 30 00 8F 43 04 00 BF 40 
10 00 06 00 1E 53 CC 0E A1 00 34 00 64 16 10 01 
1E 41 04 00 1F 41 06 00 B0 13 14 F7 B0 13 24 F3 
10 01 4A 14 B1 00 08 00 CA 0C CB 0D 81 4A 00 00 
81 4B 02 00 07 43 81 93 02 00 01 34 17 43 2C 41 
1F 41 02 00 46 19 0F 10 4F C3 3F 80 7F 00 1D 41 
02 00 4D EC 0D EC 8D 10 4C 4C 8C 10 0C D3 3D D0 
00 80 09 43 08 43 1F 93 43 34 3F 90 F6 FF 09 34 
4E 93 03 24 CC 0A CD 0B DB 3D 0C 43 3D 40 80 3F 
D7 3D 0F 93 08 34 CB 0F 3B E3 1B 53 0F 43 5D 03 
5C 00 1B 83 FC 23 4E 93 11 20 3D 90 0F C9 A0 28 
03 20 3C 90 A3 DA 9C 28 3B 40 44 B5 3E 40 1F 92 
0B 8C 0E 7D CC 0B CD 0E 19 43 92 3C C9 07 39 B0 
00 80 08 78 38 E3 3D 90 0F C9 09 28 03 20 3C 90 
A3 DA 05 28 3C 50 5E 25 3D 60 F0 36 81 3C 3B 40 
A2 DA 3E 40 0F C9 0B 8C 0E 7D CC 0B CD 0E 78 3C 
3F 90 80 00 0C 20 3D 90 00 80 06 20 0C 93 04 20 
0C 43 3D 40 C0 7F 94 3D 2C 41 CD 0B 91 3D 5D 03 
5C 00 1F 53 3F 90 03 00 09 34 3B 40 03 00 0B 8F 
3F 40 03 00 5D 03 5C 00 1B 83 FC 23 2F 92 14 38 
CB 0F 3B 80 03 00 3F 40 03 00 3D 90 87 64 08 28 
03 20 3C 90 52 ED 04 28 3C 80 51 ED 3D 70 87 64 
5C 02 0D 6D 1B 83 F1 23 3D 90 87 64 08 28 03 20 
3C 90 52 ED 04 28 3C 80 51 ED 3D 70 87 64 4E 93 
14 24 07 93 08 24 3B 40 51 ED 3E 40 87 64 0B 8C 
0E 7D CC 0B CD 0E 3C 80 54 FB 3D 70 21 19 0D 93 
04 34 3C 50 51 ED 3D 60 87 64 3D 90 43 32 0C 38 
03 20 3C 90 A9 F6 08 28 3B 40 51 ED 3E 40 87 64 
0B 8C 0E 7D CC 0B CD 0E 3D 90 21 19 0D 38 03 20 
3C 90 55 FB 09 28 3B 40 A8 F6 3E 40 43 32 0B 8C 
0E 7D CC 0B CD 0E 19 43 3F 80 03 00 B0 13 8E F3 
3D 90 87 74 04 28 69 20 3C 90 52 ED 66 2C 8B 00 
7A C6 0E 42 4E 4E 32 C2 03 43 1A 42 EC 04 A2 42 
EC 04 82 4C D4 04 82 4D D6 04 82 4C E0 04 82 4D 
E2 04 00 3C 00 3C 03 43 92 42 E8 04 D4 04 92 42 
EA 04 D6 04 40 18 92 42 76 C6 E0 04 40 18 92 42 
78 C6 E2 04 00 3C 00 3C 03 43 1D 42 EA 04 CC 0D 
0D 43 1D D2 E8 04 3D 5B 3C 6B 82 4D E0 04 82 4C 
E2 04 00 3C 00 3C 03 43 1D 42 EA 04 CC 0D 0D 43 
1D D2 E8 04 3D 5B 3C 6B 82 4D E0 04 82 4C E2 04 
00 3C 00 3C 03 43 1D 42 EA 04 CC 0D 0D 43 1D D2 
E8 04 3D 5B 3C 6B 82 4D E0 04 82 4C E2 04 00 3C 
00 3C 03 43 1D 42 EA 04 CC 0D 0D 43 1D D2 E8 04 
2D 5B 1C 6B 02 00 82 4A EC 04 4E 4E 02 4E 03 43 
81 4D 04 00 81 4C 06 00 6F 3C 3B 40 A2 DA 3E 40 
0F C9 0B 8C 0E 7D CC 0B CD 0E 87 00 9E C6 0A 42 
4A 4A 32 C2 03 43 16 42 EC 04 A2 42 EC 04 82 4C 
D4 04 82 4D D6 04 82 4C E0 04 82 4D E2 04 00 3C 
00 3C 03 43 92 42 E8 04 D4 04 92 42 EA 04 D6 04 
40 18 92 42 9A C6 E0 04 40 18 92 42 9C C6 E2 04 
00 3C 00 3C 03 43 1E 42 EA 04 CB 0E 0E 43 1E D2 
E8 04 3E 57 3B 67 82 4E E0 04 82 4B E2 04 00 3C 
00 3C 03 43 1E 42 EA 04 CB 0E 0E 43 1E D2 E8 04 
3E 57 3B 67 82 4E E0 04 82 4B E2 04 00 3C 00 3C 
03 43 1E 42 EA 04 CB 0E 0E 43 1E D2 E8 04 2E 57 
1B 67 02 00 82 4C D4 04 82 4D D6 04 82 4E E0 04 
82 4B E2 04 00 3C 00 3C 03 43 1E 42 EA 04 CD 0E 
0E 43 1E D2 E8 04 82 46 EC 04 4A 4A 02 4A 03 43 
81 4E 04 00 81 4D 06 00 81 93 06 00 0B 38 91 51 
04 00 04 00 91 61 06 00 06 00 1E 41 06 00 1F 83 
0E 93 F5 37 B1 B0 80 00 04 00 0E 20 1D 41 04 00 
1E 41 06 00 8D 10 8E 10 4D EE 0D EE 4E 4E 81 4D 
04 00 81 4E 06 00 0F 3C 1D 41 04 00 1E 41 06 00 
8D 10 8E 10 4D EE 0D EE 4E 4E 1D 53 0E 63 81 4D 
04 00 81 4E 06 00 3F 50 7F 00 46 18 0F 5F 0C 43 
1D 41 04 00 0D 83 3E 70 80 00 0C DD 0F DE 81 4C 
04 00 81 4F 06 00 08 93 02 20 09 93 05 24 81 D3 
04 00 B1 D0 00 80 06 00 1C 41 04 00 1D 41 06 00 
A1 00 08 00 46 16 10 01 6A 14 B1 00 1A 00 C9 0E 
C5 0D 71 0C 16 00 1A 49 04 00 1D 49 06 00 CC 0A 
B0 13 44 F3 81 4C 08 00 CF 0C 3F B0 00 80 0F 7F 
3F E3 81 4F 0A 00 16 45 04 00 1D 45 06 00 CC 06 
B0 13 44 F3 81 4C 04 00 CF 0C 3F B0 00 80 04 74 
34 E3 CD 04 1E 41 08 00 1F 41 0A 00 B0 13 14 F7 
81 4C 10 00 81 4D 12 00 27 49 18 49 02 00 CF 08 
8F 10 4F 4F 4A 4A 8A 10 0A 5F 3A F0 FF 3F 81 4A 
00 00 CF 0A 3F B0 00 80 0F 7F 3F E3 81 4F 02 00 
1C 41 04 00 CD 04 CE 0A B0 13 14 F7 C9 0C CA 0D 
CC 07 CD 08 B0 13 34 F3 3C F0 FF 3F 81 4C 0C 00 
CF 0C 3F B0 00 80 0F 7F 3F E3 81 4F 0E 00 1C 41 
04 00 CD 04 1E 41 0C 00 B0 13 14 F7 C8 0D 81 4C 
14 00 CC 07 5C 0E 3C F0 FF 3F 3C B0 00 80 0D 7D 
3D E3 1E 41 04 00 CF 04 B0 13 14 F7 C4 0C C7 0D 
A1 45 04 00 1F 45 02 00 81 4F 06 00 8F 10 4F 4F 
46 46 86 10 06 5F B0 13 BA D1 09 5C 0A 6D CC 06 
CD 05 2E 41 1F 41 02 00 B0 13 14 F7 81 5C 14 00 
08 6D CC 06 CD 05 1E 41 0C 00 1F 41 0E 00 B0 13 
14 F7 04 5C 07 6D 1C 41 04 00 1D 41 06 00 B0 13 
34 F3 C6 0C B0 13 BA D1 81 5C 14 00 08 6D CC 06 
CD 05 2E 41 1F 41 02 00 B0 13 14 F7 04 5C 07 6D 
1C 41 04 00 5C 0E 3C F0 FF 3F 3C B0 00 80 0D 7D 
3D E3 1E 41 08 00 1F 41 0A 00 B0 13 14 F7 04 5C 
07 6D CC 09 CD 0A B0 13 24 F3 81 5C 10 00 81 6D 
12 00 CC 09 CD 0A 3C F0 FF 3F 0D F3 B0 13 62 F3 
1F 41 14 00 0F 5C 08 6D CC 04 CD 07 B0 13 24 F3 
0C 5F 0D 68 B0 13 CC F3 C9 0C CA 0D 19 53 0A 63 
CC 0A 48 18 0C 11 CE 0C 3E B0 00 80 0F 7F 3F E3 
1C 41 10 00 1D 41 12 00 0C 5E 0D 6F 3D 90 00 20 
29 28 02 20 0C 93 26 28 19 83 0A 73 5A 01 59 00 
19 53 0A 63 5A 01 59 00 CE 0A 1F 41 10 00 46 18 
0F 5F 0E 5F 3F 01 16 00 8F 49 00 00 8F 4E 02 00 
CC 0A 46 18 0C 11 CA 0C 3A B0 00 80 0F 7F 3F E3 
1C 41 10 00 1D 41 12 00 0C 5A 0D 6F B0 13 38 F3 
1E 43 10 3C 5A 01 59 00 1F 41 10 00 4F 4F 8F 10 
0A 5F 3F 01 16 00 8F 49 00 00 8F 4A 02 00 B0 13 
B8 F3 0E 43 3F 01 16 00 8F 4C 04 00 8F 4D 06 00 
CC 0E A1 00 1A 00 64 16 10 01 36 F0 FF 3F 36 B0 
00 80 05 75 35 E3 CC 06 CD 05 1E 41 0C 00 1F 41 
0E 00 B0 13 14 F7 10 01 6A 14 B1 00 0A 00 81 4E 
08 00 C4 0F C5 0D CA 0C 16 41 2E 00 39 01 2A 00 
18 4A 02 00 04 3D 2F 4A EF 05 67 4F 4F 47 3F 90 
3B 00 12 34 3F 90 3A 00 F3 24 3F 80 09 00 2F 93 
F4 28 2F 82 F2 24 3F 80 13 00 EF 24 2F 83 CC 24 
3F 80 0A 00 8C 24 0A 3C 3F 80 5B 00 61 24 2F 83 
21 24 3F 80 1E 00 5C 24 2F 83 1C 24 71 09 00 00 
0F 46 71 0F 04 00 CC 0A CD 05 1E 41 08 00 CF 04 
B0 13 70 E5 0C 93 FC 38 18 53 BA 93 04 00 CD 24 
D9 03 CB 24 1F 4A 04 00 4F 0E 4F 01 EF 09 9F 53 
06 00 C3 3C D9 03 C1 24 77 90 7D 00 02 20 1E 43 
01 3C 2E 43 1F 4A 02 00 1F 83 0F 93 19 38 CC 0F 
4C 0E 4C 01 EC 09 BC 93 02 00 0F 24 BC 93 04 00 
0C 20 2E 9C 03 24 3C 40 FE FF D2 3C BA 43 04 00 
1E 43 2E 5A 8C 4E 04 00 03 3C 1F 83 0F 93 E7 37 
3F 93 03 20 3C 40 FE FF C3 3C 0F 93 96 38 CC 0F 
4C 0E 4C 01 EC 09 BC 93 02 00 03 24 BC 93 04 00 
04 24 1F 83 0F 93 F3 37 88 3C 8A 4F 04 00 85 3C 
18 53 D9 03 82 24 CE 06 0F 43 CC 0A CD 09 B0 13 
52 F4 DC 03 02 20 3C 43 A3 3C BA 93 04 00 07 24 
1F 4A 04 00 4F 0E 4F 01 EF 09 9F 53 06 00 77 90 
7B 00 02 20 1F 43 01 3C 2F 43 8C 4F 00 00 AC 4A 
02 00 1F 4A 02 00 1F 83 8A 4F 04 00 5E 3C D9 03 
5C 24 BA 93 04 00 59 24 1F 4A 04 00 4F 0E 4F 01 
EF 09 2E 43 2E 9F 51 24 1F 4A 04 00 4F 0E 4F 01 
EF 09 1E 43 2E 9F 49 24 1F 4A 02 00 1F 83 0F 93 
44 38 CE 0F 4E 0E 4E 01 EE 09 2D 43 2D 9E 07 24 
CE 0F 4E 0E 4E 01 EE 09 1D 43 2D 9E 0E 20 CE 0F 
4E 0E 4E 01 EE 09 BE 93 02 00 07 24 CE 0F 4E 0E 
4E 01 EE 09 BE 93 04 00 04 24 1F 83 0F 93 E1 37 
24 3C 8A 4F 04 00 21 3C 71 09 00 00 0F 46 71 0F 
04 00 CC 0A CD 05 1E 41 08 00 CF 04 B0 13 5E DE 
0C 93 3E 38 18 53 BA 93 04 00 0F 24 D9 03 0D 24 
1F 4A 04 00 4F 0E 4F 01 EF 09 9F 53 06 00 05 3C 
1F 4A 02 00 1F 83 8A 4F 04 00 9A 53 00 00 2E 4A 
0F 43 0F 94 04 28 08 20 1E 91 08 00 05 2C 2F 4A 
EF 05 CF 93 00 00 EF 22 D9 03 19 24 1F 4A 02 00 
1F 83 0F 93 14 38 CE 0F 4E 0E 4E 01 EE 09 BE 93 
02 00 0A 24 CE 0F 4E 0E 4E 01 EE 09 BE 93 04 00 
03 20 3C 40 FD FF 04 3C 1F 83 0F 93 EC 37 CC 08 
A1 00 0A 00 64 16 10 01 37 14 B1 00 1E 00 81 4C 
18 00 81 4D 1A 00 CD 09 81 4E 1C 00 C9 0F CC 08 
81 43 10 00 81 43 12 00 81 43 14 00 81 43 16 00 
81 4C 00 00 81 4D 02 00 81 4A 04 00 81 4B 06 00 
91 41 18 00 08 00 91 41 1A 00 0A 00 CF 0E 81 4F 
0C 00 81 49 0E 00 1E 41 0C 00 15 41 0E 00 1F 41 
04 00 14 41 06 00 C6 0E C7 05 06 EF 07 E4 06 F3 
37 F0 00 80 3F F3 34 F0 FF 7F 81 4F 04 00 81 44 
06 00 3E F3 35 F0 FF 7F 81 4E 0C 00 81 45 0E 00 
34 90 F0 7F 03 38 AD 20 0F 93 AB 2C 35 90 F0 7F 
03 38 8A 20 0E 93 88 2C CD 04 5D 0D 3D B0 00 80 
0C 7C 3C E3 0D 93 CA 24 3F F3 34 F0 0F 00 04 93 
22 20 0F 93 20 20 81 93 02 00 1D 20 81 93 00 00 
1A 20 CA 05 5A 0D 3A B0 00 80 0F 7F 3F E3 0A 93 
B5 24 3E F3 35 F0 0F 00 0E 53 35 60 10 00 81 4E 
14 00 81 45 16 00 91 41 08 00 10 00 91 41 0A 00 
12 00 0A 5D 38 3C 0F 53 34 60 10 00 81 4F 04 00 
81 44 06 00 CA 05 5A 0D 3A B0 00 80 0C 7C 3C E3 
0A 93 94 24 3E F3 35 F0 0F 00 05 93 12 20 0E 93 
10 20 81 93 0A 00 0D 20 81 93 08 00 0A 20 81 4F 
14 00 81 44 16 00 A1 41 10 00 91 41 02 00 12 00 
D8 3F 0E 53 35 60 10 00 81 4E 0C 00 81 45 0E 00 
0A 5D CC 01 AC 00 10 00 CD 01 CE 01 AE 00 08 00 
B0 13 58 CF 0A 5C 3A 80 00 04 0A 93 14 38 3A 90 
FE 07 08 34 3A B0 00 80 0F 7F 3F E3 5A 0E 81 5A 
16 00 5C 3C 00 18 C1 43 10 00 81 43 14 00 B1 40 
F0 7F 16 00 53 3C 81 43 10 00 81 43 12 00 81 43 
14 00 81 43 16 00 4A 3C 35 90 F0 7F 03 38 1E 20 
1E 93 1C 2C 04 93 08 20 0F 93 06 20 81 93 02 00 
03 20 81 93 00 00 2C 24 91 41 08 00 10 00 91 41 
0A 00 12 00 91 41 0C 00 14 00 91 41 0E 00 16 00 
2D 3C 04 95 03 38 0A 20 0F 9E 08 2C 1C 41 18 00 
1D 41 1A 00 1A 41 1C 00 CB 09 06 3C 34 90 F0 7F 
05 38 02 20 1F 93 02 28 CF 0B 24 3C 05 93 0B 20 
0E 93 09 20 81 93 0A 00 06 20 81 93 08 00 03 20 
91 43 14 00 B4 3F A1 41 10 00 91 41 02 00 12 00 
91 41 04 00 14 00 91 41 06 00 16 00 81 56 14 00 
81 67 16 00 1C 41 10 00 1D 41 12 00 1A 41 14 00 
1F 41 16 00 CE 0A A1 00 1E 00 34 16 10 01 6A 14 
B1 00 14 00 C5 0E 71 0D 10 00 71 0C 0C 00 CA 0C 
2D 43 0F 43 1C 43 0E 43 06 43 07 43 0B 43 81 4B 
00 00 81 4B 02 00 02 3C AA 00 01 00 68 4A 4B 48 
1B 53 40 18 FB B2 36 C4 F7 23 48 48 38 90 2D 00 
04 24 38 90 2B 00 06 20 02 3C 91 43 02 00 AA 00 
01 00 68 4A 35 90 25 00 20 34 CB 05 0B 93 1D 24 
3B 80 10 00 47 20 38 90 30 00 44 20 5E 4A 01 00 
7E 90 78 00 03 24 7E 90 58 00 3C 20 0F 18 4F 5F 
00 18 4F DD EF 0A 6F 4F 1F 53 40 18 FF B0 40 00 
36 C4 30 24 EA 03 68 4A 2D 3C 38 90 30 00 28 20 
AA 00 01 00 68 4A 38 90 78 00 0D 24 38 90 58 00 
0A 24 35 42 38 90 30 00 03 38 38 90 38 00 1A 38 
BA 00 01 00 E8 3F 0F 18 4E 5E 00 18 4E DC EE 0A 
6F 4E 1F 53 40 18 FF B0 40 00 36 C4 04 20 BA 00 
01 00 68 4A 05 3C AA 00 01 00 35 40 10 00 D3 3F 
35 40 0A 00 14 41 02 00 09 43 34 53 39 60 FF 7F 
CE 05 0F 43 CC 04 CD 09 B0 13 F6 EF 81 4C 04 00 
81 4D 06 00 CE 05 0F 43 CC 04 CD 09 B0 13 F6 EF 
81 4E 08 00 81 4F 0A 00 3F 3C 81 97 06 00 11 28 
03 20 81 96 04 00 0D 28 17 91 06 00 26 20 16 91 
04 00 23 20 81 94 0A 00 04 28 1F 20 81 99 08 00 
1C 2C 40 18 B2 40 22 00 1A 24 3F 01 10 00 DF 03 
06 24 3F 01 0C 00 3E 01 10 00 7E 0F 00 00 0F 43 
0F 93 03 20 81 93 02 00 04 24 06 43 37 40 00 80 
5C 3C 36 43 37 40 FF 7F 58 3C 0D 43 CC 05 CE 06 
CF 07 B0 13 14 F7 C6 0C C7 0D 06 59 07 64 91 53 
00 00 AA 00 01 00 68 4A CF 08 1F 53 4F 0E 4F 0D 
AF 00 36 C4 2E 42 6E BF 0B 24 C9 08 39 80 30 00 
39 B0 00 80 04 74 34 E3 04 93 02 20 09 95 AD 2B 
1E 43 6E BF 0B 24 C9 08 39 80 37 00 39 B0 00 80 
04 74 34 E3 04 93 02 20 09 95 9F 2B 2E 43 6E BF 
0B 24 38 80 57 00 C9 08 39 B0 00 80 04 74 34 E3 
04 93 02 20 09 95 91 2B 3F 01 10 00 DF 03 0B 24 
81 93 00 00 02 24 71 0A 0C 00 3F 01 0C 00 3E 01 
10 00 7E 0F 00 00 0F 43 0F 93 03 20 81 93 02 00 
04 24 36 E3 37 E3 16 53 07 63 CC 06 CD 07 A1 00 
14 00 64 16 10 01 37 14 B1 00 1C 00 81 4C 18 00 
81 4D 1A 00 81 43 10 00 81 43 12 00 81 43 14 00 
81 43 16 00 81 48 00 00 81 49 02 00 81 4A 04 00 
81 4B 06 00 81 4C 08 00 81 4D 0A 00 81 4E 0C 00 
81 4F 0E 00 14 41 0C 00 15 41 0E 00 1C 41 04 00 
1D 41 06 00 C6 04 C7 05 06 EC 07 ED 06 F3 37 F0 
00 80 3C F3 3D F0 FF 7F 81 4C 04 00 81 4D 06 00 
34 F3 35 F0 FF 7F 81 44 0C 00 81 45 0E 00 3D 90 
F0 7F 03 28 8D 20 0C 93 8B 2C 35 90 F0 7F 03 28 
7A 20 04 93 78 2C CF 05 5F 0F 0F 93 0D 20 0D 93 
08 20 0C 93 06 20 81 93 02 00 03 20 81 93 00 00 
97 24 81 43 14 00 96 3C 34 F3 35 F0 0F 00 05 93 
1D 20 04 93 1B 20 81 93 0A 00 18 20 81 93 08 00 
15 20 CA 0D 5A 0F 0A 93 94 24 3C F3 3D F0 0F 00 
0C 53 3D 60 10 00 81 4C 14 00 81 4D 16 00 A1 41 
10 00 91 41 02 00 12 00 0A 8F 20 3C 04 53 35 60 
10 00 81 44 0C 00 81 45 0E 00 CA 0D 5A 0F 0A 93 
78 24 3C F3 3D F0 0F 00 0C 53 3D 60 10 00 81 4C 
04 00 81 4D 06 00 0A 8F CC 01 AC 00 10 00 CD 01 
CE 01 AE 00 08 00 B0 13 DC C6 0A 5C 3A 50 FF 03 
1A 93 06 38 3A 90 FF 07 0C 38 3A 40 FF 07 01 3C 
0A 43 81 43 10 00 81 43 12 00 81 43 14 00 81 43 
16 00 3A B0 00 80 0F 7F 3F E3 5A 0E 3E 43 3F 40 
0F 00 1E F1 14 00 1F F1 16 00 0F 5A 81 4E 14 00 
81 4F 16 00 3E 3C 35 90 F0 7F 03 28 1C 20 14 93 
1A 2C 81 93 0A 00 17 20 81 93 08 00 14 20 31 3C 
0D 95 11 28 02 20 0C 94 0E 28 0D 95 1F 20 0C 94 
1D 20 24 41 15 41 02 00 15 91 0A 00 04 28 0A 20 
14 91 08 00 07 2C 18 41 18 00 19 41 1A 00 CA 0E 
CB 0F 04 3C 05 93 02 20 04 93 02 24 CF 0B 1D 3C 
91 43 14 00 B1 40 F0 7F 16 00 0B 3C A1 41 10 00 
91 41 02 00 12 00 91 41 04 00 14 00 91 41 06 00 
16 00 81 56 14 00 81 67 16 00 18 41 10 00 19 41 
12 00 1A 41 14 00 1F 41 16 00 CC 08 CD 09 CE 0A 
A1 00 1C 00 34 16 10 01 5A 14 82 93 0C C0 03 24 
17 42 0A C0 02 3C 37 40 FF 07 1C 42 04 C0 1D 42 
08 C0 B0 13 2C F6 82 4C 06 C0 1F 42 02 C0 0F 93 
4F 24 1F 83 9D 24 1F 83 C0 20 1C 42 0A C0 B0 13 
FA F4 C9 0C CA 0D 1C 42 0A C0 B0 13 FA F4 CE 0C 
CF 0D CC 09 CD 0A B0 13 F8 E0 C9 0C CA 0D 1C 42 
06 C0 B0 13 FA F4 CE 0C CF 0D CC 09 CD 0A B0 13 
74 E9 C8 0C C9 0D 0A 43 1A 92 06 C0 9E 2C CC 0A 
B0 13 F0 F6 CE 08 CF 09 B0 13 E2 E6 C5 0C C6 0D 
CC 07 B0 13 FA F4 CE 0C CF 0D CC 05 CD 06 B0 13 
F8 E0 C5 0C C6 0D 1C 42 0A C0 B0 13 FA F4 CE 0C 
CF 0D CC 05 CD 06 B0 13 F2 E0 B0 13 D8 EE CF 0A 
5F 02 8F 4C 00 80 1A 53 1A 92 06 C0 D8 2B 75 3C 
1C 42 08 C0 B0 13 AC F9 C8 0C C9 0D CA 0E CB 0F 
3C 40 E0 86 3D 40 44 54 3E 40 FB 21 3F 40 19 40 
B0 13 58 D4 C8 0C C9 0D CA 0E C6 0F 1C 42 04 C0 
B0 13 AC F9 CB 06 B0 13 06 D9 B0 13 04 EA C8 0C 
C9 0D 0A 43 1A 92 06 C0 50 2C 1C 42 0A C0 B0 13 
FA F4 C5 0C C6 0D CC 0A B0 13 F0 F6 CE 08 CF 09 
B0 13 E2 E6 B0 13 40 FA CE 0C CF 0D CC 05 CD 06 
B0 13 E2 E6 C5 0C C6 0D CC 07 B0 13 FA F4 CE 0C 
CF 0D CC 05 CD 06 B0 13 F8 E0 B0 13 D8 EE CF 0A 
5F 02 8F 4C 00 80 1A 53 1A 92 06 C0 D6 2B 25 3C 
0A 43 08 3C CF 07 1F 52 0A C0 CE 0A 5E 02 8E 4F 
00 80 1A 53 1C 42 06 C0 2D 43 B0 13 2C F6 0A 9C 
F1 2B 1C 42 06 C0 2D 43 B0 13 2C F6 CA 0C 1A 92 
06 C0 0B 2C CF 07 1F 82 0A C0 CE 0A 5E 02 8E 4F 
00 80 1A 53 1A 92 06 C0 F5 2B 92 43 18 24 55 16 
10 01 4A 14 B1 00 06 00 C7 0E C6 0D C8 0C C9 08 
A9 00 1F 00 71 09 00 00 81 43 04 00 3D 40 20 00 
3E 40 20 00 0F 43 B0 13 7C F7 3F 01 00 00 CF 43 
00 00 CE 08 AE 00 1E 00 71 0E 00 00 0A 43 5F 46 
06 00 3F 80 25 00 0C 24 3F 80 3E 00 1B 24 1F 83 
10 24 3F 80 0B 00 0D 24 3F 80 09 00 0A 24 20 3C 
CC 08 8D 00 74 C6 2E 43 0F 43 B0 13 16 F4 1C 43 
82 3C CC 06 CD 01 AD 00 04 00 CE 01 CF 07 B0 13 
08 E3 0E 3C 00 18 E7 53 00 00 0F 07 5F 4F FE FF 
4F 93 01 20 1A 43 CE 4F 00 00 00 18 D1 83 00 00 
81 93 04 00 08 24 3F 01 00 00 FF 40 2D 00 00 00 
00 18 D1 83 00 00 3E 01 00 00 CF 0E 0F 19 4F 10 
0D 4F 0F 49 0F 19 49 10 0F 8E 0E 49 0E 7D 0E 93 
03 38 0B 20 1F 93 09 2C 0F 18 4E 5E 00 18 4E DF 
C9 08 F9 0E A9 00 01 00 01 3C C9 08 1D 43 00 18 
5D 51 00 00 CC 09 0E 43 3F 40 20 00 B0 13 D8 F7 
71 0C 00 00 0A 93 07 24 CF 0C AF 00 01 00 71 0F 
00 00 CC 43 00 00 00 18 58 91 00 00 19 28 3C 01 
00 00 BC 00 01 00 3D 01 00 00 CF 0D 0F 19 4F 10 
0B 4F 0E 48 CF 08 0F 19 4F 10 0E 8D 0F 4F 0F 7B 
1E 53 0F 63 3D 40 20 00 B0 13 7C F7 C8 43 00 00 
CF 08 0F 19 4F 10 0D 4F 0E 49 0F 19 49 10 0E 88 
0F 49 0F 7D CC 08 3D 40 20 00 B0 13 7C F7 CC 08 
B0 13 56 F9 0C 5A A1 00 06 00 46 16 10 01 5A 14 
C8 0F CB 0D CA 0C C7 0E 1E 41 20 00 1F 41 22 00 
3D 01 1C 00 29 4A 9A 53 00 00 72 3C 7C 90 5C 00 
6D 20 1C 43 2C 5A 06 98 03 28 68 20 0C 97 66 2C 
9A 53 00 00 2C 4A EC 0B 6C 4C 3C 90 67 00 10 34 
3C 90 66 00 5B 24 3C 80 22 00 58 24 3C 80 0D 00 
55 24 3C 80 2D 00 52 24 3C 80 06 00 4F 24 09 3C 
3C 80 6E 00 4B 24 2C 82 49 24 2C 83 47 24 1C 83 
05 24 8A 49 00 00 3C 40 FE FF 6E 3C 9A 53 00 00 
0C 43 2C 3C 26 4A E6 0B F6 90 30 00 00 00 06 28 
26 4A E6 0B F6 90 3A 00 00 00 1D 28 26 4A E6 0B 
F6 90 41 00 00 00 06 28 26 4A E6 0B F6 90 47 00 
00 00 11 28 26 4A E6 0B F6 90 61 00 00 00 06 28 
26 4A E6 0B F6 90 67 00 00 00 05 28 8A 49 00 00 
3C 40 FE FF 41 3C 9A 53 00 00 1C 53 2C 92 0C 34 
26 4A 05 43 05 98 03 28 07 20 06 97 05 2C 26 4A 
E6 0B C6 93 00 00 C6 23 9A 83 00 00 9A 53 00 00 
2C 4A 06 43 06 98 03 28 07 20 0C 97 05 2C 2C 4A 
EC 0B CC 93 00 00 05 20 8A 49 00 00 3C 40 FD FF 
1B 3C 2C 4A EC 0B 6C 4C 7C 90 22 00 77 23 DD 03 
02 20 0C 43 11 3C CC 0A B0 13 52 F4 DC 03 09 24 
1E 43 0E 59 2F 4A 3D 40 03 00 B0 13 44 F9 0C 43 
03 3C 8A 49 00 00 3C 43 55 16 10 01 B1 00 06 00 
B0 13 98 F5 00 18 F1 40 46 C5 00 00 5F 42 00 C0 
81 4F 04 00 8C 00 00 23 B0 13 5C F2 8C 00 00 23 
B0 13 16 F2 00 18 F1 40 60 C5 00 00 91 42 02 C0 
04 00 8C 00 00 23 B0 13 5C F2 8C 00 00 23 B0 13 
16 F2 00 18 F1 40 74 C5 00 00 91 42 08 C0 04 00 
8C 00 00 23 B0 13 5C F2 8C 00 00 23 B0 13 16 F2 
00 18 F1 40 88 C5 00 00 91 42 0A C0 04 00 8C 00 
00 23 B0 13 5C F2 8C 00 00 23 B0 13 16 F2 00 18 
F1 40 9A C5 00 00 91 42 04 C0 04 00 8C 00 00 23 
B0 13 5C F2 8C 00 00 23 B0 13 16 F2 00 18 F1 40 
AA C5 00 00 91 42 0C C0 04 00 8C 00 00 23 B0 13 
5C F2 8C 00 00 23 B0 13 16 F2 00 18 F1 40 BC C5 
00 00 91 42 0E C0 04 00 8C 00 00 23 B0 13 5C F2 
8C 00 00 23 B0 13 16 F2 00 18 F1 40 CE C5 00 00 
91 42 10 C0 04 00 8C 00 00 23 B0 13 5C F2 8C 00 
00 23 B0 13 16 F2 B0 13 80 F6 D2 93 16 C0 16 20 
03 43 32 D0 18 00 03 43 00 18 F1 40 DE C5 00 00 
91 42 12 C0 04 00 8C 00 00 23 B0 13 5C F2 8C 00 
00 23 B0 13 16 F2 D2 93 16 C0 EA 27 A1 00 06 00 
10 01 3B 40 80 00 01 3C 0B 43 0A 14 09 14 08 14 
07 14 F1 03 3F B0 80 7F 7B 24 3D B0 80 7F 05 20 
0C 4E 0D 4F 8B 10 0D EB 73 3C 5D 02 08 4D 4D 10 
38 F0 00 FF 0D D8 5F 02 08 4F 4F 10 38 F0 00 FF 
0F D8 09 4C 0A 4D 3D F0 80 00 C1 4D 00 00 0B EA 
0B EF 3B C0 7F FF 3A D0 80 00 3F D0 80 00 0A 9F 
02 20 09 9E 0A 24 0B 2C 0D 4F 0F 4A 0A 4D 0C 4E 
0E 49 09 4C 81 EB 00 00 02 3C 0B 93 4F 20 0C 43 
08 4A 88 10 47 48 8F 10 48 8F 8F 10 0E 24 38 90 
19 00 34 2C 12 C3 4F 10 5E 00 5C 00 3C B0 00 10 
02 24 3C D0 00 20 18 83 F5 23 0B 93 0C 24 08 8C 
09 7E 4A 7F 0C 48 4A 93 12 30 5C 02 09 69 4A 6A 
17 83 2C 24 F8 3F 09 5E 4A 6F 09 28 4A 10 59 00 
5C 00 3C B0 00 10 02 24 3C D0 00 20 17 53 3C B0 
00 80 07 24 09 63 4A 63 07 63 3C B0 00 60 01 20 
19 C3 17 93 13 38 37 90 FF 00 13 34 7A C0 80 00 
87 10 D1 51 00 00 00 00 57 00 0A D7 0C 49 0D 4A 
E1 03 07 16 08 16 09 16 0A 16 10 01 0D 43 0C 43 
F7 3F 3D 40 FF FE D1 61 00 00 00 00 5D 00 3C 43 
EF 3F 03 43 5A 14 B1 00 32 00 C9 0F C6 0E 71 0D 
2C 00 CA 0C 37 01 4E 00 05 0A 0C 0A B0 13 56 F9 
0F 18 4D 5D 00 18 4D DC ED 05 C8 0D 81 43 30 00 
D5 08 54 2C 81 43 24 00 C1 43 2A 00 08 3C AF 00 
01 00 7A 0F 00 00 CD 06 49 13 91 53 30 00 3E 40 
25 00 0F 0A 6E 9F 3E 20 00 18 DA 53 00 00 0F 0A 
CE 0F AE 00 01 00 7A 0E 00 00 6F 4F C1 4F 2A 00 
3F 90 73 00 19 24 CC 01 AC 00 04 00 CD 01 AD 00 
24 00 CE 01 AE 00 2C 00 B0 13 E2 DC CE 0C CC 01 
AC 00 04 00 CD 06 47 13 3C 93 03 24 81 5C 30 00 
11 3C B1 43 30 00 1A 3C 71 09 00 00 CC 01 AC 00 
24 00 CD 06 CE 01 AE 00 2C 00 CF 01 AF 00 30 00 
B0 13 CE F1 B1 93 30 00 09 24 00 18 CA 98 00 00 
B1 2B 04 3C 0F 0A 6C 4F 4C 93 B1 23 1C 41 30 00 
A1 00 32 00 55 16 10 01 2A 14 CB 0E 5A 4C 06 00 
CE 0A 3E 80 6F 00 09 24 3E 80 09 00 03 24 39 40 
0A 00 04 3C 39 40 10 00 01 3C 39 42 3A 90 70 00 
13 24 CE 0A 3E 80 64 00 08 24 3E 80 0B 00 05 24 
3E 80 09 00 02 24 0F 43 0F 3C 00 18 EF 53 00 00 
0F 0F 1F 4F FE FF 06 3C 00 18 EF 52 00 00 0F 0F 
1F 4F FC FF 5A 4C 06 00 CC 0F 3A 90 64 00 06 20 
0C 93 04 34 9D 43 00 00 3C E3 1C 53 CA 0C 0A 93 
0A 20 0E 0B CF 0E BF 00 01 00 7B 0F 00 00 FE 40 
30 00 00 00 21 3C CC 0A CF 09 3F 82 08 24 3F 82 
04 24 CD 09 B0 13 1A F9 03 3C 5C 0F 01 3C 5C 0B 
CF 0C 08 0B CE 08 BE 00 01 00 7B 0E 00 00 CC 09 
CD 0F B0 13 AA F8 0A 8C 0E 4A AE 00 62 C6 E8 4E 
00 00 CA 0F 0A 93 DF 23 0C 0B B0 13 56 F9 28 16 
10 01 82 93 0C C0 31 20 3C 40 90 0C 0D 43 B0 13 
D8 F8 3C 40 90 0C 3D 40 FF 07 B0 13 E0 F9 3C 40 
90 0C B0 13 CC F9 3C 40 90 0C 1D 43 3E 40 10 00 
B0 13 64 F5 C2 93 00 C0 09 24 D2 93 00 C0 0C 20 
3C 40 90 0C 4D 43 B0 13 92 F8 06 3C 3C 40 90 0C 
7D 40 03 00 B0 13 92 F8 5D 42 0E C0 43 18 4D 5D 
3C 40 90 0C B0 13 7A F8 29 3C 92 93 0C C0 26 20 
3C 40 90 0C B0 13 C2 F9 C2 93 00 C0 0B 24 E2 93 
00 C0 0F 20 3C 40 90 0C 0D 43 3E 40 10 00 B0 13 
64 F5 07 3C 3C 40 90 0C 2D 43 3E 40 10 00 B0 13 
64 F5 3C 40 90 0C 6D 43 B0 13 92 F8 5D 42 0E C0 
43 18 4D 5D 3C 40 90 0C B0 13 7A F8 3C 40 90 0C 
B0 13 02 FA 3C 40 90 0C B0 13 12 FA 10 01 B1 00 
0C 00 3C 40 00 07 3D 40 00 08 7E 40 10 00 3F 40 
A0 01 B0 13 F0 F0 3C 40 00 07 B0 13 F2 F9 3C 40 
00 07 3D 40 00 05 0E 43 B0 13 48 F8 3C 40 00 07 
7D 40 20 00 B0 13 62 F8 3C 40 00 07 7D 40 05 00 
4E 43 4F 43 B0 13 2E F8 3C 40 00 07 5D 43 B0 13 
68 F9 3C 40 00 07 5D 43 B0 13 76 F9 CC 01 8D 00 
C4 C6 3E 40 0C 00 0F 43 B0 13 16 F4 B1 40 00 01 
00 00 81 43 02 00 1E 42 10 C0 3E B0 00 80 0F 7F 
3F E3 3C 40 00 80 0D 43 B0 13 E0 F2 1C 83 81 4C 
04 00 A1 42 06 00 B1 40 40 00 08 00 1F 41 04 00 
5F 03 81 4F 0A 00 3C 40 C0 03 CD 01 B0 13 66 EE 
3C 40 00 07 6D 42 B0 13 A8 F6 A1 00 0C 00 10 01 
4A 14 C8 0F CB 0D CA 0C C7 0E 1E 41 1C 00 1F 41 
1E 00 3D 01 18 00 29 4A 13 3C 2C 4A EC 0B FC 90 
20 00 00 00 06 28 2C 4A EC 0B FC 90 7F 00 00 00 
05 28 8A 49 00 00 3C 40 FE FF 3D 3C 9A 53 00 00 
2C 4A 06 43 06 98 03 28 1F 20 0C 97 1D 2C 2C 4A 
EC 0B CC 93 00 00 18 24 2C 4A EC 0B 6C 4C 3C 80 
09 00 2C 93 11 28 2C 82 0F 24 3C 80 13 00 0C 24 
3C 80 0C 00 09 24 3C 80 0E 00 06 24 3C 80 23 00 
03 24 3C 80 20 00 C9 23 DD 03 04 20 9A 83 00 00 
0C 43 11 3C CC 0A B0 13 52 F4 DC 03 09 24 2F 4A 
2D 42 CE 09 B0 13 44 F9 9A 83 00 00 0C 43 03 3C 
8A 49 00 00 3C 43 46 16 10 01 B1 00 0C 00 7C 40 
05 00 1D 43 5E 43 B0 13 F4 ED CC 01 8D 00 B8 C6 
3E 40 0C 00 0F 43 B0 13 16 F4 B1 40 00 01 00 00 
81 43 02 00 1E 42 04 C0 3E B0 00 80 0F 7F 3F E3 
3C 40 00 80 0D 43 B0 13 E0 F2 1C 83 81 4C 04 00 
A1 42 06 00 B1 40 40 00 08 00 1F 41 04 00 5F 03 
81 4F 0A 00 3C 40 00 04 CD 01 B0 13 66 EE 3C 40 
B0 0C 0D 43 B0 13 D8 F8 3C 40 B0 0C 3D 40 00 02 
B0 13 C2 F8 3C 40 B0 0C B0 13 D6 F9 3C 40 B0 0C 
B0 13 CC F9 3C 40 B0 0C 1D 43 3E 40 10 00 B0 13 
64 F5 3C 40 B0 0C 5D 43 B0 13 92 F8 3C 40 B0 0C 
B0 13 02 FA 3C 40 B0 0C B0 13 12 FA A1 00 0C 00 
10 01 3A 14 07 4F 07 ED 0A 4F 5A 02 8A 10 4A 4A 
0A 93 49 24 7F D0 80 00 0B 4D 5B 02 8B 10 4B 4B 
0B 93 3F 24 7D D0 80 00 0B 5A 3B 80 7F 00 08 43 
09 43 0E 93 09 24 1A 43 5E 00 02 28 08 5C 09 6D 
59 00 58 00 5A 02 F8 2B 0E 43 1A 43 5F 00 02 28 
08 5C 09 6D 59 00 58 00 5E 00 3E B0 00 10 02 24 
3E D0 00 20 4A 5A F2 23 49 93 02 34 1B 53 03 3C 
0E 6E 08 68 49 69 3E B0 00 80 07 24 08 63 49 63 
0B 63 3E B0 00 60 01 20 18 C3 1B 93 0C 38 3B 90 
FF 00 0C 34 49 59 8B 10 09 DB 57 02 59 00 0D 49 
0C 48 37 16 10 01 0C 43 0D 43 FB 3F 3D 40 FF FE 
3C 43 57 02 5D 00 F5 3F 03 43 B1 00 0C 00 3C 40 
00 07 3D 40 00 08 4E 43 0F 43 B0 13 F0 F0 3C 40 
00 07 B0 13 F2 F9 3C 40 00 07 3D 40 00 02 0E 43 
B0 13 48 F8 3C 40 00 07 7D 40 20 00 B0 13 62 F8 
3C 40 00 07 5D 43 4E 43 4F 43 B0 13 2E F8 3C 40 
00 07 5D 43 B0 13 68 F9 3C 40 00 07 5D 43 B0 13 
76 F9 CC 01 8D 00 D0 C6 3E 40 0C 00 0F 43 B0 13 
16 F4 B1 40 00 01 00 00 81 43 02 00 B1 40 8A 02 
04 00 A1 42 06 00 B1 40 40 00 08 00 B1 40 45 01 
0A 00 3C 40 C0 03 CD 01 B0 13 66 EE 3C 40 00 07 
6D 42 B0 13 A8 F6 A1 00 0C 00 10 01 1A 14 CE 0D 
0E 93 07 20 0C 93 05 20 0C 43 0D 43 0E 43 0F 43 
42 3C 0E 93 03 38 06 20 1C 93 04 2C 3C E3 3D E3 
1C 53 0D 63 1D 93 06 28 02 20 0C 93 03 28 3F 40 
1D 04 04 3C CD 0C 0C 43 3F 40 0D 04 3D 90 00 01 
03 28 05 20 0C 93 03 2C 3F 82 B0 13 7A F3 3D 90 
00 80 03 28 0B 20 0C 93 09 2C 1F 83 5C 02 0D 6D 
3D 90 00 80 FA 2B 02 20 0C 93 F7 2B CB 0C 44 18 
0B 5B 0A 43 B0 13 AC F3 3F B0 00 80 09 79 39 E3 
5F 0E 0D 5F 0E 93 03 34 0C 53 3D 60 00 80 CE 0C 
CF 0D CC 0A CD 0B 19 16 10 01 5B 43 9C D3 00 00 
BC F0 3F FF 00 00 6F 4D 8C DF 00 00 BC F0 FF DF 
00 00 9C DD 08 00 00 00 BC F0 FF F7 00 00 9C DD 
0A 00 00 00 5F 4D 06 00 0F 93 12 24 1F 83 09 24 
1F 83 11 20 BC D0 00 80 00 00 BC D0 00 40 00 00 
0A 3C BC D0 00 80 00 00 BC F0 FF BF 00 00 03 3C 
BC F0 FF 7F 00 00 CF 0C 3F 50 06 00 9F 4D 02 00 
00 00 5F 4D 05 00 5F 0E 5E 4D 04 00 0E 5F 5E 0E 
5F 4D 0E 00 0E 5F CF 0C 3F 52 8F 4E 00 00 BC F0 
FF E8 00 00 9C DD 0C 00 00 00 BC F0 C1 FF 00 00 
CC 0B 10 01 3A 14 07 4F 07 ED 0A 4F 5A 02 8A 10 
4A 4A 0A 93 38 24 7F D0 80 00 0B 4D 5B 02 8B 10 
4B 4B 0B 93 2B 24 7D D0 80 00 0B 8A 3B 50 7F 00 
3A 40 18 00 08 43 09 43 0C 8E 0D 7F 03 2C 0C 5E 
0D 6F 12 C3 08 68 09 69 5C 02 0D 6D 1A 83 F4 23 
49 93 03 30 1A 53 1B 83 EF 3F 0C 7E 0D 7F 08 63 
49 63 0B 63 1B 93 0C 38 3B 90 FF 00 0C 34 49 59 
8B 10 09 DB 57 02 59 00 0D 49 0C 48 37 16 10 01 
0C 43 0D 43 FB 3F 3C 40 FF FE 3D 43 57 02 5D 00 
F5 3F 03 43 1A 14 CA 0C CB 0D CC 0E CD 0F 3C F3 
3D F0 0F 00 B0 13 8A F3 C9 0B 4B 19 09 10 0C 59 
0D 63 CE 0F 5E 0F 3E F0 FF 07 3E 80 80 03 1E 93 
1A 38 3E 90 FF 00 1A 38 3E 90 7F 04 0F 20 0D 93 
06 20 0C 93 04 20 0B 93 02 20 0A 93 03 24 0C D3 
3D D0 80 00 3C F0 FE FF 3D F3 02 3C 0C 43 0D 43 
3E 40 FF 00 03 3C 0C 43 0D 43 0E 43 3E B0 00 80 
0B 7B 3B E3 46 18 0E 5E 1C 53 0D 63 5D 01 5C 00 
0D 5E 0F 93 03 34 0C 53 3D 60 00 80 19 16 10 01 
5C 43 3D 43 B0 13 30 F5 7C 40 03 00 3D 43 B0 13 
30 F5 7C 40 05 00 3D 43 B0 13 30 F5 7C 40 07 00 
3D 43 B0 13 30 F5 7C 40 09 00 3D 43 B0 13 30 F5 
5C 43 3D 43 B0 13 12 F8 7C 40 03 00 3D 43 B0 13 
12 F8 7C 40 05 00 3D 43 B0 13 12 F8 7C 40 07 00 
3D 43 B0 13 12 F8 7C 40 09 00 3D 43 B0 13 12 F8 
6C 43 3D 42 B0 13 3A F1 6C 43 3D 42 5E 43 B0 13 
FE F5 6C 43 3D 42 B0 13 BA F7 B0 13 28 FA 6C 43 
3D 42 B0 13 9C F7 10 01 B1 00 10 00 6C 42 2D 42 
5E 43 B0 13 82 ED 6C 42 3D 42 5E 43 B0 13 F4 ED 
CC 01 8D 00 8A C6 3E 40 10 00 0F 43 B0 13 16 F4 
F1 40 80 00 00 00 B1 40 0D 00 02 00 C1 43 04 00 
F1 40 25 00 05 00 C1 43 06 00 81 43 08 00 81 43 
0A 00 81 43 0C 00 D1 43 0E 00 3C 40 80 05 CD 01 
B0 13 DA E8 4C 93 0E 24 3C 40 80 05 B0 13 22 FA 
3C 40 80 05 5D 43 B0 13 84 F9 3C 40 80 05 5D 43 
B0 13 38 F7 A1 00 10 00 10 01 B0 13 CC F5 B0 13 
A0 F2 B0 13 9E EF B0 13 9A E7 C2 93 16 C0 33 20 
03 43 32 D0 18 00 03 43 1C 42 12 24 CF 0C 5F 0A 
0C 5F 1C 52 14 C0 3D 40 0A 00 B0 13 1A F9 82 4C 
12 24 1C 82 0A 24 2D 42 B0 13 2C F6 1C 92 10 24 
0F 38 82 9C 10 24 05 38 82 43 06 24 82 43 08 24 
0F 3C 82 43 06 24 1C 82 10 24 82 4C 08 24 08 3C 
3C E3 1C 53 1C 82 10 24 82 4C 06 24 82 43 08 24 
C2 93 16 C0 CD 27 10 01 BC F0 C9 E4 00 00 CF 0C 
3F 50 20 00 0F 4F BF F0 F8 FF 00 00 CF 0C 3F 50 
20 00 0E 4F 3F 40 07 00 1F FD 02 00 8E DF 00 00 
1F 4D 0A 00 2F 5D 1F 5D 06 00 3E 40 F8 1F 1E FD 
02 00 5E 0A 0E 5F 8C DE 00 00 CD 93 0C 00 03 24 
BC D0 10 00 00 00 BD 90 10 00 08 00 07 24 CF 0C 
2F 53 0F 4F BF F0 EF FF 00 00 06 3C CF 0C 2F 53 
0F 4F BF D0 10 00 00 00 3C 50 12 00 9C 4D 04 00 
00 00 10 01 3A 14 40 18 1A 42 CC 01 40 18 B2 40 
80 5A CC 01 8F 00 14 C4 9F 00 20 C4 25 24 89 00 
26 C4 8F 00 36 C4 D9 0F 1F 24 CE 09 0F 19 4E 10 
0E 4E 0C 4F 0F 19 4F 10 0C 89 0D 4F 0D 7E B0 13 
50 F3 C8 0C C7 0D 0C 09 7F 4C 5F 06 00 18 5F 4F 
14 C4 A9 00 04 00 0D 09 4F 13 A9 00 04 00 18 83 
07 73 F1 23 08 93 EF 23 7A C2 3A D0 08 5A 40 18 
82 4A CC 01 B0 13 4A FA 37 16 10 01 2A 14 78 4C 
09 43 14 3C 0B 4B CE 0D FE 0B BE 00 01 00 AD 00 
01 00 FD 4E FF FF 1F 83 FA 23 04 3C AD 00 01 00 
FD 4C FF FF 58 03 19 53 39 92 E9 37 18 B3 F6 23 
7B 4C 7F 4C CE 0B 5E 0E CB 0F 5B 0F 3B F0 0F 00 
0B DE 3F F0 0F 00 3F 50 03 00 3F 90 12 00 0C 20 
7E 4C 3E B0 80 00 07 24 7A 4C 3E F0 7F 00 4A 4A 
46 18 0A 5A 0E DA 0F 5E 3B 90 FF 0F CB 23 28 16 
10 01 4F 4C 5F 02 40 18 1F 4F 46 C6 5C B3 02 20 
4D 4D 8D 10 CC 0F 2C 52 0C 4C 8C CD 00 00 4E 4E 
1E 83 1C 24 1E 83 0E 24 1E 83 23 20 CE 0F 3E 50 
0A 00 0E 4E 8E DD 00 00 3F 50 0C 00 0F 4F 8F DD 
00 00 17 3C CE 0F 3E 50 0A 00 0E 4E 8E CD 00 00 
3F 50 0C 00 0F 4F 8F DD 00 00 0B 3C CE 0F 3E 50 
0A 00 0E 4E 8E DD 00 00 3F 50 0C 00 0F 4F 8F CD 
00 00 10 01 4F 4C 5F 02 40 18 1F 4F 46 C6 5C B3 
02 20 4D 4D 8D 10 CC 0F 2C 52 0C 4C 8C DD 00 00 
4E 4E 1E 83 1C 24 1E 83 0E 24 1E 83 23 20 CE 0F 
3E 50 0A 00 0E 4E 8E DD 00 00 3F 50 0C 00 0F 4F 
8F DD 00 00 17 3C CE 0F 3E 50 0A 00 0E 4E 8E CD 
00 00 3F 50 0C 00 0F 4F 8F DD 00 00 0B 3C CE 0F 
3E 50 0A 00 0E 4E 8E DD 00 00 3F 50 0C 00 0F 4F 
8F CD 00 00 10 01 BC F0 C9 FC 00 00 CF 0C 3F 50 
20 00 0F 4F BF F0 F8 FF 00 00 CF 0C 3F 50 20 00 
0E 4F 3F 40 07 00 1F FD 02 00 8E DF 00 00 3F 40 
F8 1F 1F FD 02 00 5F 0A 2F 5D 3F 50 14 00 8C DF 
00 00 CF 0C 3F 50 12 00 9F 4D 04 00 00 00 CF 0C 
2F 53 0F 4F BF F0 0F FF 00 00 CF 0C 1F 5D 06 00 
0F 4F 9F DD 08 00 00 00 1C 5D 06 00 3C 50 10 00 
9C 4D 0A 00 00 00 10 01 0B 4D 0E 4B 3B F0 80 7F 
2D 24 5B 02 8B 10 7E D0 80 00 3B 80 7F 00 26 30 
3B 90 0F 00 11 24 1D 34 5E 01 5C 00 1E 93 01 24 
FB 3F 1B 83 03 30 5C 02 0E 6E FB 3F 0D 93 02 34 
3E E3 1E 53 0C 4E 10 01 8E 10 8C 10 4C 4C 0C DE 
3C 90 00 80 01 24 05 3C 0D 93 03 34 3C 40 00 80 
10 01 0D 93 FB 33 3C 40 FF 7F 10 01 0C 43 10 01 
B2 40 20 A5 A0 01 F2 D0 C0 00 0D 02 B2 F0 FC FF 
8E 01 A2 C3 02 01 A2 B3 02 01 F8 23 32 D0 40 00 
92 42 86 01 86 01 82 43 80 01 B2 40 0E 00 82 01 
B2 40 DB 02 84 01 00 3C 03 43 32 C0 40 00 B2 B0 
00 03 8E 01 FC 23 82 43 88 01 F2 D0 10 00 24 02 
F2 D0 10 00 2A 02 F2 F0 EF 00 2C 02 10 01 7C 40 
03 00 3D 40 0E 00 7E 40 03 00 B0 13 82 ED 3C 40 
A0 0C 0D 43 0E 43 B0 13 64 F5 3C 40 A0 0C 3D 40 
00 02 B0 13 A0 F9 3C 40 A0 0C B0 13 02 FA 3C 40 
A0 0C B0 13 12 FA 3C 40 80 0C 2D 43 3E 40 10 00 
B0 13 64 F5 3C 40 80 0C B0 13 02 FA 3C 40 80 0C 
B0 13 12 FA 10 01 0A 14 09 14 09 43 0A 43 1B 43 
0F 93 04 24 09 4D 0D 4C 0C 43 0D 3C 5C 02 0D 6D 
09 69 09 8E 04 28 1C D3 5B 02 F8 2B 03 3C 09 5E 
5B 02 F4 2B 1B 43 5C 02 0D 6D 09 69 0A 6A 09 8E 
0A 7F 04 28 1C D3 5B 02 F6 2B 04 3C 09 5E 0A 6F 
5B 02 F1 2B 0E 49 0F 4A 09 16 0A 16 10 01 C2 93 
15 24 1A 24 92 53 16 24 7C 90 0A 00 0C 24 B2 90 
00 01 16 24 05 2C 1F 42 16 24 CF 4C 00 22 17 3C 
C2 43 15 24 14 3C C2 43 15 24 1F 42 16 24 CF 43 
00 22 D2 43 14 24 0B 3C 7C 90 0A 00 08 24 D2 43 
15 24 82 43 16 24 1F 42 16 24 CF 4C 00 22 10 01 
2A 14 C8 0E CA 0D C9 0C 3F 40 03 00 2F 9A 1B 20 
CC 08 B0 13 56 F9 1F 4A 04 00 1F 8A 02 00 0C 9F 
12 20 1C 4A 02 00 4C 0E 4C 0D EC 09 1E 4A 04 00 
1E 8A 02 00 3E B0 00 80 0F 7F 3F E3 CD 08 B0 13 
8C F4 0C 93 02 24 3C 43 01 3C 0C 43 28 16 10 01 
0A 14 BC F0 EC FF 00 00 CB 0C 3B 50 1A 00 0B 4B 
2A 4B 8B 43 00 00 CB 0C 3B 50 1C 00 0B 4B 2A 4B 
8B 43 00 00 CB 0F 3B F0 E0 00 4E 4E 0E 5B 0E 5D 
CD 0C 2D 53 8D 4E 00 00 3F F0 00 03 3F 50 10 00 
2C 52 8C 4F 00 00 0A 16 10 01 4F 4C 5F 02 40 18 
1F 4F 46 C6 5C B3 02 20 4D 4D 8D 10 CE 0F 3E 50 
0A 00 0E 4E 8E CD 00 00 CE 0F 3E 50 0C 00 0E 4E 
8E CD 00 00 CE 0F 2E 52 0E 4E 8E CD 00 00 CE 0F 
3E 50 06 00 0E 4E 8E DD 00 00 2F 53 0F 4F 8F DD 
00 00 10 01 3C 40 B0 0C B0 13 C2 F9 3C 40 B0 0C 
B0 13 FA F9 3C 40 B0 0C B0 13 0A FA 3C 40 00 04 
B0 13 1A FA 3C 40 90 0C B0 13 FA F9 3C 40 90 0C 
B0 13 0A FA 3C 40 C0 03 B0 13 1A FA 3C 40 C0 03 
B0 13 2E FA 3C 40 00 07 B0 13 EA F9 10 01 3A 14 
C7 0F C8 0D 39 01 14 00 00 18 EE 52 00 00 0F 0E 
80 1F 5A 4F FC FF DA 03 12 24 CC 0A B0 13 56 F9 
87 5C 00 00 1C 93 0D 38 BA 00 01 00 C7 0C AA 00 
01 00 6C 4A CD 08 49 13 17 83 F9 23 02 3C 4C 43 
49 13 37 16 10 01 1A 14 C9 0C 0A 43 14 3C 0F 4A 
EF 09 CF 93 00 00 0E 24 3C 40 80 05 5D 43 B0 13 
B8 F9 4C 93 F9 23 0F 4A EF 09 6D 4F 3C 40 80 05 
B0 13 5A F7 1A 53 CC 09 B0 13 56 F9 0F 43 0F 9D 
E6 2B 02 20 0A 9C E3 2B 19 16 10 01 B1 00 0C 00 
00 18 D1 41 10 00 04 00 71 0C 08 00 00 18 F1 40 
58 F6 00 00 CD 01 AD 00 10 00 AD 00 04 00 CC 01 
AC 00 04 00 CE 01 AE 00 08 00 8F 00 30 F9 B0 13 
24 E2 3F 01 08 00 CF 43 00 00 A1 00 0C 00 10 01 
B1 00 0E 00 CC 01 8D 00 AA C6 3E 40 0E 00 0F 43 
B0 13 16 F4 B1 40 00 01 00 00 81 43 02 00 91 43 
04 00 81 43 06 00 B1 40 10 00 08 00 D1 43 0C 00 
3C 40 80 03 CD 01 B0 13 18 EC A1 00 0E 00 10 01 
0A 14 0A 43 0F 93 05 34 3E E3 3F E3 1E 53 0F 63 
1A D3 0D 93 05 34 3C E3 3D E3 1C 53 0D 63 3A E3 
B0 13 F6 EF 1A B3 04 24 3C E3 3D E3 1C 53 0D 63 
2A B3 04 24 3E E3 3F E3 1E 53 0F 63 0A 16 10 01 
5D 01 5C 00 5D 01 5C 00 5D 01 5C 00 5D 01 5C 00 
5D 01 5C 00 5D 01 5C 00 5D 01 5C 00 5D 01 5C 00 
5D 01 5C 00 5D 01 5C 00 5D 01 5C 00 5D 01 5C 00 
5D 01 5C 00 5D 01 5C 00 5D 01 5C 00 10 01 5C 02 
0D 6D 5C 02 0D 6D 5C 02 0D 6D 5C 02 0D 6D 5C 02 
0D 6D 5C 02 0D 6D 5C 02 0D 6D 5C 02 0D 6D 5C 02 
0D 6D 5C 02 0D 6D 5C 02 0D 6D 5C 02 0D 6D 5C 02 
0D 6D 5C 02 0D 6D 5C 02 0D 6D 10 01 5D 03 5C 00 
5D 03 5C 00 5D 03 5C 00 5D 03 5C 00 5D 03 5C 00 
5D 03 5C 00 5D 03 5C 00 5D 03 5C 00 5D 03 5C 00 
5D 03 5C 00 5D 03 5C 00 5D 03 5C 00 5D 03 5C 00 
5D 03 5C 00 5D 03 5C 00 10 01 B1 00 06 00 3E 40 
11 00 3E F0 3F 00 81 4E 00 00 3F 40 01 00 1F F3 
81 4F 02 00 3D 40 01 00 1D F3 81 4D 04 00 5E 06 
5F 02 0F DE 1F D1 04 00 3F D0 00 A5 82 4F 60 01 
A1 00 06 00 10 01 2A 14 0F 93 02 20 0E 93 17 24 
09 43 08 43 CB 08 0F 18 4B 5B 00 18 4B D9 EB 0D 
CA 08 0F 18 4A 5A 00 18 4A D9 EA 0C EA 4B 00 00 
19 53 08 63 08 9F EE 2B 02 20 09 9E EB 2B 28 16 
10 01 0A 14 1B 4C 02 00 0A 43 0A 9F 05 28 02 20 
0B 9E 02 28 0C 43 10 3C 1E 4C 02 00 CF 0E 1F 53 
8C 4F 02 00 0C 4E 4C 0A EC 0D BC 43 04 00 9C 4C 
04 00 02 00 8C 43 06 00 0A 16 10 01 1A 14 0F 93 
02 20 0E 93 14 24 CB 0C 6A 4D 6C 4B 49 4C 09 9A 
03 24 4C 4C 0C 8A 0C 3C 0A 93 09 24 AB 00 01 00 
AD 00 01 00 1E 83 0F 73 EF 23 0E 93 ED 23 0C 43 
19 16 10 01 3C 40 CC 01 B0 13 EE F8 B0 13 90 EA 
B0 13 40 EF B0 13 18 EB 05 3C C2 43 16 C0 02 3C 
B0 13 BC DF 5F 42 16 C0 0F 93 03 24 1F 83 F8 27 
F4 3F B0 13 9A EB F6 3F 03 43 0E 4C 0D 4C 0D 93 
16 24 03 34 3D E3 1D 53 0F 30 3B 40 8F 00 1B 83 
5D 02 FD 2B 4C 4D 8C 10 8D 10 4D 4D 8B 10 0D DB 
5E 02 5D 00 5C 00 10 01 3D 40 00 C7 0C 43 10 01 
4F 4C 5F 02 40 18 1F 4F 46 C6 5C B3 02 20 4D 4D 
8D 10 CE 0F 3E 50 0A 00 0E 4E 8E CD 00 00 CE 0F 
3E 50 0C 00 0E 4E 8E CD 00 00 2F 52 0F 4F 8F DD 
00 00 10 01 BC F0 CC FF 00 00 3D 90 0F 00 05 24 
2D DC 3D D2 8C 4D 00 00 02 3C BC C2 00 00 3E 90 
0F 00 06 24 2E DC 3E D0 80 00 8C 4E 00 00 03 3C 
BC F0 7F FF 00 00 10 01 5C 43 1D 43 B0 13 12 F8 
7C 40 06 00 3D 40 40 00 B0 13 12 F8 5C 43 3D 40 
E0 00 7E 40 03 00 B0 13 F4 ED 7C 40 03 00 3D 40 
20 00 7E 40 03 00 B0 13 F4 ED 10 01 F2 D3 04 02 
C2 43 02 02 F2 D3 24 02 C2 43 22 02 F2 D3 45 02 
C2 43 43 02 E2 C3 25 02 E2 D3 23 02 E2 D3 27 02 
E2 D3 39 02 E2 C3 3D 02 E2 D3 3B 02 10 01 4F 4C 
5F 02 40 18 1F 4F 46 C6 5C B3 02 20 4D 4D 8D 10 
4E 93 06 20 3F 50 18 00 0F 4F 8F CD 00 00 05 3C 
3F 50 18 00 0F 4F 8F DD 00 00 10 01 0B 43 0D 93 
03 34 3D E3 1D 53 1B D3 0C 93 03 34 3C E3 1C 53 
3B E3 B0 13 1A F9 1B B3 02 24 3C E3 1C 53 2B B3 
02 24 3E E3 1E 53 10 01 1A 14 CA 0E C9 0D CD 0C 
0C 09 3E B0 00 80 0F 7F 3F E3 B0 13 16 F4 CF 0A 
4F 0E 4F 0D 00 18 C9 5F 00 00 CC 0A 19 16 10 01 
8C 00 38 C5 B0 13 16 F2 C2 93 00 C0 04 20 B0 13 
28 DB B0 13 2A E6 F2 90 03 00 00 C0 02 24 B0 13 
E2 E3 B0 13 AE E4 10 01 AC C3 00 00 CF 0C 2F 53 
0F 4F BF F0 F9 FF 00 00 CF 0C 2F 53 0F 4F 4D 4D 
8F DD 00 00 BC D0 03 00 00 00 10 01 1F 4C 01 00 
1E 4C 03 00 0E 93 02 20 0F 93 09 24 AD 00 01 00 
CD 43 FF FF 1F 83 0E 73 F9 23 0F 93 F7 23 10 01 
0D 4C 0D 93 0E 24 3B 40 8F 00 1B 83 5D 02 FD 2B 
4C 4D 8C 10 8D 10 4D 4D 8B 10 0D DB 12 C3 5D 00 
5C 00 10 01 02 12 32 C2 03 43 82 4C D0 04 82 4D 
D2 04 82 4E E0 04 82 4F E2 04 1C 42 E4 04 1D 42 
E6 04 32 41 03 43 10 01 3F 40 0F 00 4F FD CE 0C 
3E 50 1A 00 0E 4E 4F 4F 8E DF 00 00 3F 40 30 00 
4F FD 4F 4F 8C DF 00 00 10 01 CF 0C 3F 50 1A 00 
2E 43 2E BF 05 20 CF 0C 3F 50 1C 00 2E BF FB 27 
4D 4D 3C 50 0E 00 8C 4D 00 00 10 01 CB 0C 0F 93 
02 20 0E 93 0A 24 4D 4D AB 00 01 00 CB 4D FF FF 
1E 83 0F 73 F9 23 0E 93 F7 23 10 01 4F 4C 5F 02 
40 18 1F 4F 46 C6 5C B3 02 20 4D 4D 8D 10 3F 50 
1C 00 0F 4F 8F CD 00 00 10 01 4F 4C 5F 02 40 18 
1F 4F 46 C6 5C B3 02 20 4D 4D 8D 10 3F 50 1A 00 
0F 4F 8F DD 00 00 10 01 1F 93 0B 38 6B 4D AC 00 
01 00 CC 4B FF FF 0B 9E 05 24 AD 00 01 00 1F 83 
F5 23 0C 43 10 01 4F 4C 5F 02 40 18 1F 4F 46 C6 
5C B3 02 20 4D 4D 8D 10 2F 53 0F 4F 8F DD 00 00 
10 01 4F 4C 5F 02 40 18 1F 4F 46 C6 5C B3 02 20 
4D 4D 8D 10 2F 53 0F 4F 8F CD 00 00 10 01 2B 43 
2B BC 09 20 4D 4D 4E 4E 0D 5E 4F 4F 0F 5D 3C 50 
0A 00 8C 4F 00 00 10 01 CF 0C 2F 53 0F 4F BF D0 
00 02 00 00 BC F0 7F F0 00 00 0D 5E 8C DD 00 00 
10 01 CF 0C 2F 52 0F 4F BF F0 CF FF 00 00 2C 52 
0F 4C 4D 4D 8F DD 00 00 10 01 CF 0C 2F 53 0F 4F 
BF F0 8F FF 00 00 2C 53 0F 4C 4D 4D 8F DD 00 00 
10 01 CF 0C 2F 53 0F 4F BF F0 FC FF 00 00 2C 53 
0F 4C 4D 4D 8F DD 00 00 10 01 02 12 32 C2 03 43 
82 4C C0 04 82 4D C8 04 1C 42 CA 04 32 41 03 43 
10 01 CF 0C 2F 52 0F 4F BF F0 FF FC 00 00 2C 52 
0F 4C 8F DD 00 00 10 01 CF 0C 2F 52 0F 4F BF F0 
FF EF 00 00 2C 52 0F 4C 8F DD 00 00 10 01 2F 4C 
7F F0 7F 00 7F D0 80 00 4F 4F 3F 50 00 5A 8C 4F 
00 00 10 01 CF 0C CC 0D CD 0F AD 00 05 00 1E 4F 
01 00 1F 4F 03 00 80 00 16 F4 0E 43 0F 4C 1C 43 
5F 02 0E 6E 0E 9D 01 28 0E 8D 0C 6C F9 2B 10 01 
0E 0D CF 0E AF 00 01 00 7D 0F 00 00 CE 4C 00 00 
4C 4C 10 01 8C 4D 00 00 8C 4E 02 00 8C 4F 04 00 
8C 43 06 00 10 01 3F 43 3D 43 1F 53 0D 63 7E 4C 
0E 93 FB 23 CC 0F 10 01 3C 50 1C 00 0F 4C 4D 4D 
8F CD 00 00 10 01 3C 50 1A 00 0F 4C 4D 4D 8F DD 
00 00 10 01 3C 50 1C 00 0F 4C 4D 4D 8F CD 00 00 
10 01 8C 43 00 00 8C 43 02 00 BC 43 04 00 10 01 
BC F0 FF FD 00 00 8C DD 00 00 10 01 3C B0 00 80 
0D 7D 3D E3 80 00 3C E8 3C 50 0A 00 2C 4C 4C FD 
10 01 2C 52 0F 4C 9F C3 00 00 10 01 2C 52 0F 4C 
9F D3 00 00 10 01 2C 52 0F 4C AF D3 00 00 10 01 
3C 50 06 00 8C 4D 00 00 10 01 BC F0 EF FF 00 00 
10 01 BC D0 10 00 00 00 10 01 BC F0 FF FE 00 00 
10 01 BC D0 00 01 00 00 10 01 BC F0 FF FB 00 00 
10 01 BC D0 00 04 00 00 10 01 BC F0 CF FF 00 00 
10 01 9C C3 00 00 10 01 92 C3 30 01 10 01 AC D2 
00 00 10 01 8C DD 00 00 10 01 03 43 FF 3F 03 43 
5E 43 80 00 42 CB 1C 43 10 01 10 01 6F 14 B1 00 
06 00 A2 93 9E 05 63 21 B0 13 84 F1 3C 40 80 03 
B0 13 1A FA 1C 42 8C 05 4C 4C B0 13 4E F0 C2 93 
14 24 55 25 8C 00 00 24 B0 13 92 F9 8C 00 00 22 
B0 13 56 F9 CE 0C CF 0D 00 18 F1 40 00 20 00 00 
B1 40 40 00 04 00 8C 00 00 24 8D 00 00 22 B0 13 
D8 D1 C9 0C 1A 43 0A 99 28 35 CD 0A 5D 0A 4D 0E 
4D 0D AD 00 00 20 8C 00 00 22 8E 00 E8 C5 B0 13 
A0 F0 0C 93 1C 20 CF 0A 5F 0A 3F 52 1C 4F 02 20 
4C 0E 4C 0D AC 00 00 22 0D 43 3E 40 0A 00 B0 13 
BE D6 C2 4C 00 C0 D2 93 00 C0 06 24 E2 93 00 C0 
05 20 92 43 0C C0 02 3C 82 43 0C C0 1A 53 CD 0A 
5D 0A 4D 0E 4D 0D AD 00 00 20 8C 00 00 22 8E 00 
FA C5 B0 13 A0 F0 0C 93 11 20 CF 0A 5F 0A 3F 52 
1C 4F 02 20 4C 0E 4C 0D AC 00 00 22 0D 43 3E 40 
0A 00 B0 13 BE D6 82 4C 02 C0 1A 53 CD 0A 5D 0A 
4D 0E 4D 0D AD 00 00 20 8C 00 00 22 8E 00 06 C6 
B0 13 A0 F0 0C 93 11 20 CF 0A 5F 0A 3F 52 1C 4F 
02 20 4C 0E 4C 0D AC 00 00 22 0D 43 3E 40 0A 00 
B0 13 BE D6 82 4C 08 C0 1A 53 CD 0A 5D 0A 4D 0E 
4D 0D AD 00 00 20 8C 00 00 22 8E 00 12 C6 B0 13 
A0 F0 0C 93 11 20 CF 0A 5F 0A 3F 52 1C 4F 02 20 
4C 0E 4C 0D AC 00 00 22 0D 43 3E 40 0A 00 B0 13 
BE D6 82 4C 0A C0 1A 53 CD 0A 5D 0A 4D 0E 4D 0D 
AD 00 00 20 8C 00 00 22 8E 00 1C C6 B0 13 A0 F0 
0C 93 11 20 CF 0A 5F 0A 3F 52 1C 4F 02 20 4C 0E 
4C 0D AC 00 00 22 0D 43 3E 40 0A 00 B0 13 BE D6 
82 4C 04 C0 1A 53 CD 0A 5D 0A 4D 0E 4D 0D AD 00 
00 20 8C 00 00 22 8E 00 24 C6 B0 13 A0 F0 0C 93 
11 20 CF 0A 5F 0A 3F 52 1C 4F 02 20 4C 0E 4C 0D 
AC 00 00 22 0D 43 3E 40 0A 00 B0 13 BE D6 82 4C 
10 C0 1A 53 CD 0A 5D 0A 4D 0E 4D 0D AD 00 00 20 
8C 00 00 22 8E 00 2C C6 B0 13 A0 F0 0C 93 11 20 
CF 0A 5F 0A 3F 52 1C 4F 02 20 4C 0E 4C 0D AC 00 
00 22 0D 43 3E 40 0A 00 B0 13 BE D6 82 4C 0C C0 
1A 53 CD 0A 5D 0A 4D 0E 4D 0D AD 00 00 20 8C 00 
00 22 8E 00 36 C6 B0 13 A0 F0 0C 93 11 20 CF 0A 
5F 0A 3F 52 1C 4F 02 20 4C 0E 4C 0D AC 00 00 22 
0D 43 3E 40 0A 00 B0 13 BE D6 82 4C 0E C0 1A 53 
CD 0A 5D 0A 4D 0E 4D 0D AD 00 00 20 8C 00 00 22 
8E 00 40 C6 B0 13 A0 F0 0C 93 14 20 CF 0A 5F 0A 
3F 52 1C 4F 02 20 4C 0E 4C 0D AC 00 00 22 0D 43 
3E 40 0A 00 B0 13 BE D6 C2 4C 16 C0 B1 C0 D0 00 
22 00 1A 53 1A 53 0A 99 D8 3A D2 93 16 C0 02 20 
B0 13 80 F6 C2 93 16 C0 08 20 3C 40 80 03 3D 40 
10 00 B0 13 34 FA B0 13 9A E7 C2 43 14 24 A1 00 
06 00 69 16 00 13 4F 14 92 53 0E 24 92 92 0E 24 
0C 24 12 34 82 43 0E 24 92 93 06 24 04 38 5C 43 
1D 43 B0 13 F6 F7 92 93 08 24 06 38 7C 40 06 00 
3D 40 40 00 B0 13 F6 F7 92 92 06 24 0E 24 04 20 
5C 43 1D 43 B0 13 12 F8 92 92 08 24 0E 24 06 20 
7C 40 06 00 3D 40 40 00 B0 13 12 F8 4B 16 00 13 
4F 14 6C 43 3D 42 B0 13 9C F7 B0 13 84 F1 3C 40 
80 03 B0 13 1A FA D2 E3 16 C0 D2 93 16 C0 02 20 
B0 13 80 F6 C2 93 16 C0 08 20 3C 40 80 03 3D 40 
10 00 B0 13 34 FA B0 13 9A E7 B1 C0 D0 00 14 00 
4B 16 00 13 4F 14 A2 92 BA 0C 13 20 1F 42 18 24 
CE 0F 1E 53 82 4E 18 24 5F 02 1D 4F 00 80 3C 40 
B0 0C B0 13 E0 F9 92 92 06 C0 18 24 02 28 82 43 
18 24 4B 16 00 13 B2 90 0C 00 1E 07 10 20 C2 93 
16 C0 07 20 92 42 12 07 14 C0 B1 C0 D0 00 00 00 
06 3C 92 42 12 07 12 C0 B1 C0 10 00 00 00 00 13 
81 00 00 30 B0 13 DA F3 B0 13 46 FA 0C 93 02 24 
B0 13 94 EC 0C 43 B0 13 C4 F4 1C 43 B0 13 3A FA 
E2 C3 3D 02 92 42 14 C0 0A 24 00 13 32 D0 10 00 
FD 3F 03 43 
@ff80
FF FF FF FF FF FF FF FF FF FF FF FF 
@ffa0
FF FF 
@ffce
40 FE 4C FE 80 FD 4C FE C4 FD 4C FE 4C FE F6 FD 
4C FE 4C FE 4C FA 4C FE 4C FE 4C FE 4C FE 4C FE 
4C FE 4C FE 4C FE 4C FE 4C FE 26 FD 4C FE 4C FE 
20 FE 
q
