@c400
00 00 00 00 00 00 00 00 00 00 00 00 00 00 00 00 
00 00 00 00 00 00 00 00 00 00 00 00 00 00 00 00 
00 00 00 00 00 00 00 00 00 00 00 00 00 00 00 00 
00 00 00 00 00 00 00 00 00 00 00 00 00 00 00 00 
00 00 00 00 00 00 00 00 00 00 00 00 00 00 00 00 
00 00 00 00 00 00 00 00 00 00 00 00 00 00 00 00 
00 00 00 00 00 00 00 00 00 00 00 00 00 00 00 00 
00 00 00 00 00 00 00 00 00 00 00 00 00 00 00 00 
00 00 00 00 00 00 00 00 00 00 00 00 00 00 00 00 
00 00 00 00 00 00 00 00 00 00 00 00 00 00 00 00 
00 00 00 00 00 00 00 00 00 00 00 00 00 00 00 00 
00 00 00 00 00 00 00 00 00 00 00 00 00 00 00 00 
00 00 00 00 00 00 00 00 00 00 00 00 00 00 00 00 
00 00 00 00 00 00 00 00 00 00 00 00 00 00 00 00 
00 00 00 00 00 00 00 00 00 00 00 00 00 00 00 00 
00 00 00 00 00 00 00 00 00 00 00 00 00 00 00 00 
00 00 00 00 00 00 00 00 00 00 00 00 00 00 00 00 
00 00 00 00 00 00 00 00 00 00 00 00 00 00 00 00 
00 00 00 00 00 00 00 00 00 00 00 00 00 00 00 00 
00 00 00 00 00 00 00 00 00 00 00 00 00 00 00 00 
00 00 00 00 00 00 00 00 00 00 00 00 00 00 00 00 
00 00 00 00 00 00 00 00 00 00 00 00 00 00 00 00 
00 00 00 00 00 00 00 00 00 00 00 00 00 00 00 00 
00 00 00 00 00 00 00 00 00 00 00 00 00 00 00 00 
00 00 00 00 00 00 00 00 00 00 00 00 00 00 00 00 
00 00 00 00 00 00 00 00 00 00 00 00 00 00 00 00 
00 00 00 00 00 00 00 00 00 00 00 00 00 00 00 00 
00 00 00 00 00 00 00 00 00 00 00 00 00 00 00 00 
00 00 00 00 00 00 00 00 00 00 00 00 00 00 00 00 
00 00 00 00 00 00 00 00 00 00 00 00 00 00 00 00 
00 00 00 00 00 00 00 00 00 00 00 00 00 00 00 00 
00 00 00 00 00 00 00 00 00 00 00 00 00 00 00 00 
00 00 00 00 00 00 00 00 00 00 00 00 00 00 00 00 
00 00 00 00 00 00 00 00 00 00 00 00 00 00 00 00 
00 00 00 00 00 00 00 00 00 00 00 00 00 00 00 00 
00 00 00 00 00 00 00 00 00 00 00 00 00 00 00 00 
00 00 00 00 00 00 00 00 00 00 00 00 00 00 00 00 
00 00 00 00 00 00 00 00 00 00 00 00 00 00 00 00 
00 00 00 00 00 00 00 00 00 00 00 00 00 00 00 00 
00 00 00 00 00 00 00 00 00 00 00 00 00 00 00 00 
00 00 00 00 00 00 00 00 00 00 00 00 00 00 00 00 
00 00 00 00 00 00 00 00 00 00 00 00 00 00 00 00 
00 00 00 00 00 00 00 00 00 00 00 00 00 00 00 00 
00 00 00 00 00 00 00 00 00 00 00 00 00 00 00 00 
00 00 00 00 00 00 00 00 00 00 00 00 00 00 00 00 
00 00 00 00 00 00 00 00 00 00 00 00 00 00 00 00 
00 00 00 00 00 00 00 00 00 00 00 00 00 00 00 00 
00 00 00 00 00 00 00 00 00 00 00 00 00 00 00 00 
00 00 00 00 00 00 00 00 00 00 00 00 00 00 00 00 
00 00 00 00 00 00 00 00 00 00 00 00 00 00 00 00 
00 00 00 00 00 00 00 00 00 00 00 00 00 00 00 00 
00 00 00 00 00 00 00 00 00 00 00 00 00 00 00 00 
00 00 00 00 00 00 00 00 00 00 00 00 00 00 00 00 
00 00 00 00 00 00 00 00 00 00 00 00 00 00 00 00 
00 00 00 00 00 00 00 00 00 00 00 00 00 00 00 00 
00 00 00 00 00 00 00 00 00 00 00 00 00 00 00 00 
00 00 00 00 00 00 00 00 00 00 00 00 00 00 00 00 
00 00 00 00 00 00 00 00 00 00 00 00 00 00 00 00 
00 00 00 00 00 00 00 00 00 00 00 00 00 00 00 00 
00 00 00 00 00 00 00 00 00 00 00 00 00 00 00 00 
00 00 00 00 00 00 00 00 00 00 00 00 00 00 00 00 
00 00 00 00 00 00 00 00 00 00 00 00 00 00 00 00 
00 00 00 00 00 00 00 00 00 00 00 00 00 00 00 00 
00 00 00 00 00 00 00 00 00 00 00 00 00 00 00 00 
00 00 00 00 00 00 00 00 00 00 00 00 00 00 00 00 
00 00 00 00 00 00 00 00 00 00 00 00 00 00 00 00 
00 00 00 00 00 00 00 00 00 00 00 00 00 00 00 00 
00 00 00 00 00 00 00 00 00 00 00 00 00 00 00 00 
00 00 00 00 00 00 00 00 00 00 00 00 00 00 00 00 
00 00 00 00 00 00 00 00 00 00 00 00 00 00 00 00 
00 00 00 00 00 00 00 00 00 00 00 00 00 00 00 00 
00 00 00 00 00 00 00 00 00 00 00 00 00 00 00 00 
00 00 00 00 00 00 00 00 00 00 00 00 00 00 00 00 
00 00 00 00 00 00 00 00 00 00 00 00 00 00 00 00 
00 00 00 00 00 00 00 00 00 00 00 00 00 00 00 00 
00 00 00 00 00 00 00 00 00 00 00 00 00 00 00 00 
00 00 00 00 00 00 00 00 00 00 00 00 00 00 00 00 
00 00 00 00 00 00 00 00 00 00 00 00 00 00 00 00 
00 00 00 00 00 00 00 00 00 00 00 00 00 00 00 00 
00 00 00 00 00 00 00 00 00 00 00 00 00 00 00 00 
00 00 00 00 00 00 00 00 00 00 00 00 00 00 00 00 
00 00 00 00 00 00 00 00 00 00 00 00 00 00 00 00 
00 00 00 00 00 00 00 00 00 00 00 00 00 00 00 00 
00 00 00 00 00 00 00 00 00 00 00 00 00 00 00 00 
00 00 00 00 00 00 00 00 00 00 00 00 00 00 00 00 
00 00 00 00 00 00 00 00 00 00 00 00 00 00 00 00 
00 00 00 00 00 00 00 00 00 00 00 00 00 00 00 00 
00 00 00 00 00 00 00 00 00 00 00 00 00 00 00 00 
00 00 00 00 00 00 00 00 00 00 00 00 00 00 00 00 
00 00 00 00 00 00 00 00 00 00 00 00 00 00 00 00 
00 00 00 00 00 00 00 00 00 00 00 00 00 00 00 00 
00 00 00 00 00 00 00 00 00 00 00 00 00 00 00 00 
00 00 00 00 00 00 00 00 00 00 00 00 00 00 00 00 
00 00 00 00 00 00 00 00 00 00 00 00 00 00 00 00 
00 00 00 00 00 00 00 00 00 00 00 00 00 00 00 00 
00 00 00 00 00 00 00 00 00 00 00 00 00 00 00 00 
00 00 00 00 00 00 00 00 00 00 00 00 00 00 00 00 
00 00 00 00 00 00 00 00 00 00 00 00 00 00 00 00 
00 00 00 00 00 00 00 00 00 00 00 00 00 00 00 00 
00 00 00 00 00 00 00 00 00 00 00 00 00 00 00 00 
00 00 00 00 00 00 00 00 00 00 00 00 00 00 00 00 
00 00 00 00 00 00 00 00 00 00 00 00 00 00 00 00 
00 00 00 00 00 00 00 00 00 00 00 00 00 00 00 00 
00 00 00 00 00 00 00 00 00 00 00 00 00 00 00 00 
00 00 00 00 00 00 00 00 00 00 00 00 00 00 00 00 
00 00 00 00 00 00 00 00 00 00 00 00 00 00 00 00 
00 00 00 00 00 00 00 00 00 00 00 00 00 00 00 00 
00 00 00 00 00 00 00 00 00 00 00 00 00 00 00 00 
00 00 00 00 00 00 00 00 00 00 00 00 00 00 00 00 
00 00 00 00 00 00 00 00 00 00 00 00 00 00 00 00 
00 00 00 00 00 00 00 00 00 00 00 00 00 00 00 00 
00 00 00 00 00 00 00 00 00 00 00 00 00 00 00 00 
00 00 00 00 00 00 00 00 00 00 00 00 00 00 00 00 
00 00 00 00 00 00 00 00 00 00 00 00 00 00 00 00 
00 00 00 00 00 00 00 00 00 00 00 00 00 00 00 00 
00 00 00 00 00 00 00 00 00 00 00 00 00 00 00 00 
00 00 00 00 00 00 00 00 00 00 00 00 00 00 00 00 
00 00 00 00 00 00 00 00 00 00 00 00 00 00 00 00 
00 00 00 00 00 00 00 00 00 00 00 00 00 00 00 00 
00 00 00 00 00 00 00 00 00 00 00 00 00 00 00 00 
00 00 00 00 00 00 00 00 00 00 00 00 00 00 00 00 
00 00 00 00 00 00 00 00 00 00 00 00 00 00 00 00 
00 00 00 00 00 00 00 00 00 00 00 00 00 00 00 00 
00 00 00 00 00 00 00 00 00 00 00 00 00 00 00 00 
00 00 00 00 00 00 00 00 00 00 00 00 00 00 00 00 
00 00 00 00 00 00 00 00 00 00 00 00 00 00 00 00 
00 00 00 00 00 00 00 00 00 00 00 00 00 00 00 00 
00 00 00 00 00 00 00 00 00 00 00 00 00 00 00 00 
00 00 00 00 00 00 00 00 00 00 00 00 00 00 00 00 
00 00 00 00 00 00 00 00 00 00 00 00 00 00 00 00 
00 00 00 00 00 00 00 00 00 00 00 00 00 00 00 00 
00 00 00 00 00 00 00 00 00 00 00 00 00 00 00 00 
00 00 00 00 00 00 00 00 00 00 00 00 00 00 00 00 
00 00 00 00 00 00 00 00 00 00 00 00 00 00 00 00 
00 00 00 00 00 00 00 00 00 00 00 00 00 00 00 00 
00 00 00 00 00 00 00 00 00 00 00 00 00 00 00 00 
00 00 00 00 00 00 00 00 00 00 00 00 00 00 00 00 
00 00 00 00 00 00 00 00 00 00 00 00 00 00 00 00 
00 00 00 00 00 00 00 00 00 00 00 00 00 00 00 00 
00 00 00 00 00 00 00 00 00 00 00 00 00 00 00 00 
00 00 00 00 00 00 00 00 00 00 00 00 00 00 00 00 
00 00 00 00 00 00 00 00 00 00 00 00 00 00 00 00 
00 00 00 00 00 00 00 00 00 00 00 00 00 00 00 00 
00 00 00 00 00 00 00 00 00 00 00 00 00 00 00 00 
00 00 00 00 00 00 00 00 00 00 00 00 00 00 00 00 
00 00 00 00 00 00 00 00 00 00 00 00 00 00 00 00 
00 00 00 00 00 00 00 00 00 00 00 00 00 00 00 00 
00 00 00 00 00 00 00 00 00 00 00 00 00 00 00 00 
00 00 00 00 00 00 00 00 00 00 00 00 00 00 00 00 
00 00 00 00 00 00 00 00 00 00 00 00 00 00 00 00 
00 00 00 00 00 00 00 00 00 00 00 00 00 00 00 00 
00 00 00 00 00 00 00 00 00 00 00 00 00 00 00 00 
00 00 00 00 00 00 00 00 00 00 00 00 00 00 00 00 
00 00 00 00 00 00 00 00 00 00 00 00 00 00 00 00 
00 00 00 00 00 00 00 00 00 00 00 00 00 00 00 00 
00 00 00 00 00 00 00 00 00 00 00 00 00 00 00 00 
00 00 00 00 00 00 00 00 00 00 00 00 00 00 00 00 
00 00 00 00 00 00 00 00 00 00 00 00 00 00 00 00 
00 00 00 00 00 00 00 00 00 00 00 00 00 00 00 00 
00 00 00 00 00 00 00 00 00 00 00 00 00 00 00 00 
00 00 00 00 00 00 00 00 00 00 00 00 00 00 00 00 
00 00 00 00 00 00 00 00 00 00 00 00 00 00 00 00 
00 00 00 00 00 00 00 00 00 00 00 00 00 00 00 00 
00 00 00 00 00 00 00 00 00 00 00 00 00 00 00 00 
00 00 00 00 00 00 00 00 00 00 00 00 00 00 00 00 
00 00 00 00 00 00 00 00 00 00 00 00 00 00 00 00 
00 00 00 00 00 00 00 00 00 00 00 00 00 00 00 00 
00 00 00 00 00 00 00 00 00 00 00 00 00 00 00 00 
00 00 00 00 00 00 00 00 00 00 00 00 00 00 00 00 
00 00 00 00 00 00 00 00 00 00 00 00 00 00 00 00 
00 00 00 00 00 00 00 00 00 00 00 00 00 00 00 00 
00 00 00 00 00 00 00 00 00 00 00 00 00 00 00 00 
00 00 00 00 00 00 00 00 00 00 00 00 00 00 00 00 
00 00 00 00 00 00 00 00 00 00 00 00 00 00 00 00 
00 00 00 00 00 00 00 00 00 00 00 00 00 00 00 00 
00 00 00 00 00 00 00 00 00 00 00 00 00 00 00 00 
00 00 00 00 00 00 00 00 00 00 00 00 00 00 00 00 
00 00 00 00 00 00 00 00 00 00 00 00 00 00 00 00 
00 00 00 00 00 00 00 00 00 00 00 00 00 00 00 00 
00 00 00 00 00 00 00 00 00 00 00 00 00 00 00 00 
00 00 00 00 00 00 00 00 00 00 00 00 00 00 00 00 
00 00 00 00 00 00 00 00 00 00 00 00 00 00 00 00 
00 00 00 00 00 00 00 00 00 00 00 00 00 00 00 00 
00 00 00 00 00 00 00 00 00 00 00 00 00 00 00 00 
00 00 00 00 00 00 00 00 00 00 00 00 00 00 00 00 
00 00 00 00 00 00 00 00 00 00 00 00 00 00 00 00 
00 00 00 00 00 00 00 00 00 00 00 00 00 00 00 00 
00 00 00 00 00 00 00 00 00 00 00 00 00 00 00 00 
00 00 00 00 00 00 00 00 00 00 00 00 00 00 00 00 
00 00 00 00 00 00 00 00 00 00 00 00 00 00 00 00 
00 00 00 00 00 00 00 00 00 00 00 00 00 00 00 00 
00 00 00 00 00 00 00 00 00 00 00 00 00 00 00 00 
00 00 00 00 00 00 00 00 00 00 00 00 00 00 00 00 
00 00 00 00 00 00 00 00 00 00 00 00 00 00 00 00 
00 00 00 00 00 00 00 00 00 00 00 00 00 00 00 00 
00 00 00 00 00 00 00 00 00 00 00 00 00 00 00 00 
00 00 00 00 00 00 00 00 00 00 00 00 00 00 00 00 
00 00 00 00 00 00 00 00 00 00 00 00 00 00 00 00 
00 00 00 00 00 00 00 00 00 00 00 00 00 00 00 00 
00 00 00 00 00 00 00 00 00 00 00 00 00 00 00 00 
00 00 00 00 00 00 00 00 00 00 00 00 00 00 00 00 
00 00 00 00 00 00 00 00 00 00 00 00 00 00 00 00 
00 00 00 00 00 00 00 00 00 00 00 00 00 00 00 00 
00 00 00 00 00 00 00 00 00 00 00 00 00 00 00 00 
00 00 00 00 00 00 00 00 00 00 00 00 00 00 00 00 
00 00 00 00 00 00 00 00 00 00 00 00 00 00 00 00 
00 00 00 00 00 00 00 00 00 00 00 00 00 00 00 00 
00 00 00 00 00 00 00 00 00 00 00 00 00 00 00 00 
00 00 00 00 00 00 00 00 00 00 00 00 00 00 00 00 
00 00 00 00 00 00 00 00 00 00 00 00 00 00 00 00 
00 00 00 00 00 00 00 00 00 00 00 00 00 00 00 00 
00 00 00 00 00 00 00 00 00 00 00 00 00 00 00 00 
00 00 00 00 00 00 00 00 00 00 00 00 00 00 00 00 
00 00 00 00 00 00 00 00 00 00 00 00 00 00 00 00 
00 00 00 00 00 00 00 00 00 00 00 00 00 00 00 00 
00 00 00 00 00 00 00 00 00 00 00 00 00 00 00 00 
00 00 00 00 00 00 00 00 00 00 00 00 00 00 00 00 
00 00 00 00 00 00 00 00 00 00 00 00 00 00 00 00 
00 00 00 00 00 00 00 00 00 00 00 00 00 00 00 00 
00 00 00 00 00 00 00 00 00 00 00 00 00 00 00 00 
00 00 00 00 00 00 00 00 00 00 00 00 00 00 00 00 
00 00 00 00 00 00 00 00 00 00 00 00 00 00 00 00 
00 00 00 00 00 00 00 00 00 00 00 00 00 00 00 00 
00 00 00 00 00 00 00 00 00 00 00 00 00 00 00 00 
00 00 00 00 00 00 00 00 00 00 00 00 00 00 00 00 
00 00 00 00 00 00 00 00 00 00 00 00 00 00 00 00 
00 00 00 00 00 00 00 00 00 00 00 00 00 00 00 00 
00 00 00 00 00 00 00 00 00 00 00 00 00 00 00 00 
00 00 00 00 00 00 00 00 00 00 00 00 00 00 00 00 
00 00 00 00 00 00 00 00 00 00 00 00 00 00 00 00 
00 00 00 00 00 00 00 00 00 00 00 00 00 00 00 00 
00 00 00 00 00 00 00 00 00 00 00 00 00 00 00 00 
00 00 00 00 00 00 00 00 00 00 00 00 00 00 00 00 
00 00 00 00 00 00 00 00 00 00 00 00 00 00 00 00 
00 00 00 00 00 00 00 00 00 00 00 00 00 00 00 00 
00 00 00 00 00 00 00 00 00 00 00 00 00 00 00 00 
00 00 00 00 00 00 00 00 00 00 00 00 00 00 00 00 
00 00 00 00 00 00 00 00 00 00 00 00 00 00 00 00 
00 00 00 00 00 00 00 00 00 00 00 00 00 00 00 00 
00 00 00 00 00 00 00 00 00 00 00 00 00 00 00 00 
00 00 00 00 00 00 00 00 00 00 00 00 00 00 00 00 
00 00 00 00 00 00 00 00 00 00 00 00 00 00 00 00 
00 00 00 00 00 00 00 00 00 00 00 00 00 00 00 00 
00 00 00 00 00 00 00 00 00 00 00 00 00 00 00 00 
00 00 00 00 00 00 00 00 00 00 00 00 00 00 00 00 
00 00 00 00 00 00 00 00 00 00 00 00 00 00 00 00 
00 00 00 00 00 00 00 00 00 00 00 00 00 00 00 00 
00 00 00 00 00 00 00 00 00 00 00 00 00 00 00 00 
00 00 00 00 00 00 00 00 00 00 00 00 00 00 00 00 
00 00 00 00 00 00 00 00 00 00 00 00 00 00 00 00 
00 00 00 00 00 00 00 00 00 00 00 00 00 00 00 00 
00 00 00 00 00 00 00 00 00 00 00 00 00 00 00 00 
00 00 00 00 00 00 00 00 00 00 00 00 00 00 00 00 
00 00 00 00 00 00 00 00 00 00 00 00 00 00 00 00 
00 00 00 00 00 00 00 00 00 00 00 00 00 00 00 00 
00 00 00 00 00 00 00 00 00 00 00 00 00 00 00 00 
00 00 00 00 00 00 00 00 00 00 00 00 00 00 00 00 
00 00 00 00 00 00 00 00 00 00 00 00 00 00 00 00 
00 00 00 00 00 00 00 00 00 00 00 00 00 00 00 00 
00 00 00 00 00 00 00 00 00 00 00 00 00 00 00 00 
00 00 00 00 00 00 00 00 00 00 00 00 00 00 00 00 
00 00 00 00 00 00 00 00 00 00 00 00 00 00 00 00 
00 00 00 00 00 00 00 00 00 00 00 00 00 00 00 00 
00 00 00 00 00 00 00 00 00 00 00 00 00 00 00 00 
00 00 00 00 00 00 00 00 00 00 00 00 00 00 00 00 
00 00 00 00 00 00 00 00 00 00 00 00 00 00 00 00 
00 00 00 00 00 00 00 00 00 00 00 00 00 00 00 00 
00 00 00 00 00 00 00 00 00 00 00 00 00 00 00 00 
00 00 00 00 00 00 00 00 00 00 00 00 00 00 00 00 
00 00 00 00 00 00 00 00 00 00 00 00 00 00 00 00 
00 00 00 00 00 00 00 00 00 00 00 00 00 00 00 00 
00 00 00 00 00 00 00 00 00 00 00 00 00 00 00 00 
00 00 00 00 00 00 00 00 00 00 00 00 00 00 00 00 
00 00 00 00 00 00 00 00 00 00 00 00 00 00 00 00 
00 00 00 00 00 00 00 00 00 00 00 00 00 00 00 00 
00 00 00 00 00 00 00 00 00 00 00 00 00 00 00 00 
00 00 00 00 00 00 00 00 00 00 00 00 00 00 00 00 
00 00 00 00 00 00 00 00 00 00 00 00 00 00 00 00 
00 00 00 00 00 00 00 00 00 00 00 00 00 00 00 00 
00 00 00 00 00 00 00 00 00 00 00 00 00 00 00 00 
00 00 00 00 00 00 00 00 00 00 00 00 00 00 00 00 
00 00 00 00 00 00 00 00 00 00 00 00 00 00 00 00 
00 00 00 00 00 00 00 00 00 00 00 00 00 00 00 00 
00 00 00 00 00 00 00 00 00 00 00 00 00 00 00 00 
00 00 00 00 00 00 00 00 00 00 00 00 00 00 00 00 
00 00 00 00 00 00 00 00 00 00 00 00 00 00 00 00 
00 00 00 00 00 00 00 00 00 00 00 00 00 00 00 00 
00 00 00 00 00 00 00 00 00 00 00 00 01 FF 00 19 
00 00 64 00 32 00 00 00 07 FF F0 00 8A FC 92 F2 
EA FC 00 00 76 00 FC D5 76 20 12 D6 00 20 00 20 
20 20 20 20 20 20 20 20 28 28 28 28 28 20 20 20 
20 20 20 20 20 20 20 20 20 20 20 20 20 20 20 88 
10 10 10 10 10 10 10 10 10 10 10 10 10 10 10 44 
44 44 44 44 44 44 44 44 44 10 10 10 10 10 10 10 
41 41 41 41 41 41 01 01 01 01 01 01 01 01 01 01 
01 01 01 01 01 01 01 01 01 01 10 10 10 10 10 10 
42 42 42 42 42 42 02 02 02 02 02 02 02 02 02 02 
02 02 02 02 02 02 02 02 02 02 10 10 10 10 20 00 
00 00 00 00 00 00 00 00 00 00 00 00 00 00 00 00 
00 00 00 00 00 00 00 00 00 00 00 00 00 00 00 00 
00 00 00 00 00 00 00 00 00 00 00 00 00 00 00 00 
00 00 00 00 00 00 00 00 00 00 00 00 00 00 00 00 
00 00 00 00 00 00 00 00 00 00 00 00 00 00 00 00 
00 00 00 00 00 00 00 00 00 00 00 00 00 00 00 00 
00 00 00 00 00 00 00 00 00 00 00 00 00 00 00 00 
00 00 00 00 00 00 00 00 00 00 00 00 00 00 00 00 
25 32 2E 32 66 00 7B 22 6C 69 76 65 54 65 6D 70 
44 61 74 61 22 3A 00 00 2C 22 74 65 6D 70 54 68 
72 65 73 68 6F 6C 64 22 3A 00 7D 0A 00 00 00 00 
00 00 00 00 80 3F 00 00 00 40 00 00 40 40 00 00 
80 40 00 00 A0 40 00 00 C0 40 00 00 E0 40 00 00 
00 41 00 00 10 41 7B 22 66 72 61 6D 54 65 6D 70 
44 61 74 61 22 3A 5B 00 25 32 2E 32 66 00 2C 20 
00 00 5D 7D 00 00 00 00 00 02 00 02 20 02 FF FF 
FF FF FF FF FF FF FF FF FF FF FF FF FF FF FF FF 
FF FF 00 00 20 41 00 00 C8 42 00 40 1C 46 20 BC 
BE 4C CA 1B 0E 5A AE C5 9D 74 32 D8 3C D8 14 D8 
28 D8 0A D8 5A D8 50 D8 46 D8 1E D8 64 D8 00 00 
00 00 00 00 00 00 00 00 00 00 00 00 00 00 00 00 
00 00 00 00 00 00 00 00 00 00 00 00 74 65 6D 70 
54 68 72 65 73 68 6F 6C 64 00 80 01 A2 D5 E6 F6 
2E F5 00 00 A0 01 EA D5 84 FD 98 FB 00 00 C0 04 
B6 D5 CE F7 3C F8 00 00 20 01 EE D5 90 FD B0 FB 
00 00 00 02 C8 D5 20 F7 C4 F9 9C FD 20 02 D6 D5 
8A FA 08 FB 00 00 00 03 F2 D5 22 FC D8 FC 00 00 
00 01 F6 D5 3E FD 2E FE 48 FE 40 01 E0 D5 26 FB 
EE F9 00 00 CC 01 FA D5 A8 FD 50 FE 4E FD 00 00 
00 00 00 00 0A 00 6A 15 31 82 81 4D 04 00 81 4C 
02 00 CA 0C 05 43 07 43 08 43 09 43 04 43 81 43 
06 00 1E 3C CC 09 3D 40 0A 00 B0 12 B2 FC 0C 56 
3C 80 30 00 C9 0C 1A 53 66 4A 4F 46 5F 4F 1F D6 
2F F2 72 3C B0 12 8E DA 18 83 14 43 2D 3C B0 12 
8E DA 1A 53 6F 4A 3F 50 1F D6 14 43 18 3C 1A 53 
6E 4A 4F 4E 3F 50 1F D6 3D 42 6D BF F8 23 7E 90 
2D 00 06 24 81 43 00 00 7E 90 2B 00 03 24 07 3C 
91 43 00 00 1A 53 6F 4A 3F 50 1F D6 14 43 6E 4A 
46 4E 56 06 36 50 4E D7 36 80 C0 00 2D 42 6D BF 
D6 23 7E 90 2E 00 0E 20 1A 53 6F 4A 46 4F 56 06 
36 50 4E D7 36 80 C0 00 4F 4F 3F 50 1F D6 2E 42 
6E BF C0 23 81 93 00 00 06 24 CC 05 CD 07 B0 12 
D2 FD C5 0C C7 0D 04 93 42 24 2E 43 6E BF 02 20 
6F 4A 03 3C 6F 4A 3F 80 20 00 3F 90 45 00 37 20 
1A 53 66 4A 76 90 2D 00 06 24 81 43 00 00 76 90 
2B 00 03 24 06 3C 91 43 00 00 1A 53 66 4A 91 43 
06 00 5F 46 1F D6 2F F2 0F 93 06 20 81 93 06 00 
01 24 1A 83 1A 83 15 3C 0F 93 13 24 CC 08 B0 12 
BE FD CF 0C 3C 40 FF 7F 0C 8F 0C 86 3C 50 30 00 
3D 40 0A 00 B0 12 6C F9 09 9C 6C 3B 39 40 FF 7F 
09 88 81 93 00 00 02 20 08 59 01 3C 08 89 CC 05 
CD 07 0E 43 0F 43 B0 12 CE F5 0C 93 47 24 38 90 
27 00 33 34 38 90 DB FF 2B 38 08 93 14 38 08 93 
3D 24 39 40 B2 D7 18 B3 09 24 2E 49 1F 49 02 00 
CC 05 CD 07 B0 12 12 EA C5 0C C7 0D 29 52 58 01 
08 93 F1 23 2B 3C 38 E3 18 53 28 24 39 40 B2 D7 
18 B3 09 24 2E 49 1F 49 02 00 CC 05 CD 07 B0 12 
E0 EE C5 0C C7 0D 29 52 58 01 08 93 F1 23 16 3C 
B2 40 22 00 86 20 07 43 10 3C B2 40 22 00 86 20 
CC 05 CD 07 0E 43 0F 43 B0 12 CE F5 0C 93 03 34 
37 40 80 FF 02 3C 37 40 80 7F 05 43 81 93 04 00 
09 24 04 93 02 24 81 4A 02 00 1E 41 04 00 9E 41 
02 00 00 00 CC 05 CD 07 31 52 64 17 30 41 CC 05 
CD 07 0E 43 3F 40 20 41 B0 12 12 EA 2E 46 1F 46 
02 00 B0 12 1A E6 C5 0C C7 0D 30 41 5A 15 21 83 
C9 0F C6 0E C5 0D CA 0C 17 41 10 00 18 4A 02 00 
8A 96 00 00 D4 2C 2F 4A CE 0F 0E 55 6B 4E 4B 93 
CE 24 4B 4B CE 0B 3E 90 3B 00 12 34 3E 90 3A 00 
BB 24 3B 80 09 00 2B 93 BC 28 2B 82 BA 24 3B 80 
13 00 B7 24 2B 83 9C 24 3B 80 0A 00 72 24 0A 3C 
3E 80 5B 00 4F 24 2E 83 13 24 3E 80 1E 00 4A 24 
2E 83 0E 24 B0 12 A6 DC B0 12 3E EE 0C 93 8E 38 
18 53 1F 4A 04 00 3F 93 9C 24 09 93 9A 24 8F 3C 
09 93 97 24 1E 4A 02 00 3B 90 7D 00 02 20 1B 43 
01 3C 2B 43 CD 0E 1D 83 0D 93 15 38 CC 0D 5C 0A 
0C 59 BC 93 02 00 0B 24 BC 93 04 00 08 20 2B 9C 
0C 20 BA 43 04 00 1F 53 8C 4F 04 00 04 3C 3C 82 
1D 83 1E 83 EE 23 3D 93 03 20 3C 40 FE FF 90 3C 
0D 93 6F 38 CF 0D 5F 0A 0F 59 1E 43 0E 5D BF 93 
02 00 03 24 BF 93 04 00 62 24 3F 82 1D 83 1E 83 
F6 23 5F 3C 18 53 09 93 5C 24 CC 0A CD 09 CE 07 
B0 12 42 FA 0C 93 02 20 3C 43 72 3C 1F 4A 04 00 
3F 93 04 24 5F 0A 0F 59 9F 53 06 00 3B 90 7B 00 
02 20 1F 43 01 3C 2F 43 8C 4F 00 00 AC 4A 02 00 
3B 3C 09 93 3E 24 1F 4A 04 00 3F 93 3A 24 5F 0A 
0F 59 2F 4F 2F 93 35 24 1F 93 33 24 1D 4A 02 00 
1D 83 0D 93 2E 38 CF 0D 5F 0A 0F 59 1E 43 0E 5D 
2C 4F 2C 93 02 24 1C 93 06 20 BF 93 02 00 03 24 
BF 93 04 00 1C 24 3F 82 1D 83 1E 83 F1 23 19 3C 
B0 12 A6 DC B0 12 46 E7 0C 93 02 34 C8 0C 2F 3C 
18 53 1F 4A 04 00 3F 93 0C 24 09 93 0A 24 5F 0A 
0F 59 9F 53 06 00 05 3C 1D 4A 02 00 1D 83 8A 4D 
04 00 1F 43 2F 5A 9A 53 00 00 0F 96 2C 2B 09 93 
16 24 1E 4A 02 00 1E 83 0E 93 11 38 CF 0E 5F 0A 
0F 59 1D 43 0D 5E BF 93 02 00 06 24 BF 93 04 00 
03 20 3C 40 FD FF 04 3C 3F 82 1D 83 F4 23 CC 08 
21 53 55 17 30 41 81 47 02 00 CC 0A CD 05 CE 06 
CF 09 30 41 6A 15 31 82 C5 0E 81 4D 04 00 C4 0C 
3F 40 0A 00 0F 54 81 4F 06 00 CF 05 5F 02 81 4F 
00 00 18 41 06 00 08 5F 3A 43 39 43 3F 40 33 A5 
2F 94 A4 20 CF 0D 84 9F 06 00 A0 20 84 95 08 00 
9D 20 16 44 02 00 17 44 04 00 06 95 2D 2C 07 95 
2B 2C 1A 43 0A 57 01 3C 0A 85 0A 95 FD 2F CC 07 
B0 12 B2 FC 0C 58 CD 0F B0 12 44 FB 81 4C 02 00 
CC 06 B0 12 9C DE 0C 58 B0 12 A6 DE CF 06 5F 02 
1E 41 06 00 0E 5F 2C 9E 0F 20 57 02 17 51 06 00 
1F 41 02 00 2F 97 08 20 0A 96 9D 24 5A 02 1A 51 
06 00 8A 93 00 00 97 24 CC 08 B0 12 A6 DE 1F 41 
06 00 2C 9F 35 24 16 41 04 00 06 58 1A 43 25 93 
12 28 27 43 07 5F CF 05 1F 83 81 4F 02 00 CC 06 
B0 12 A6 DE 2C 97 07 24 16 51 04 00 27 53 1A 53 
91 83 02 00 F4 23 0A 95 19 24 19 43 09 5A CC 09 
B0 12 9C DE 08 5C 09 95 0F 2C C7 09 57 02 17 51 
06 00 C6 05 06 89 B0 12 8E DE 06 20 18 51 04 00 
27 53 19 53 16 83 F7 23 19 83 30 3C 3A 43 2E 3C 
17 41 04 00 07 58 19 43 25 93 0F 28 2A 43 0A 5F 
C6 05 16 83 CC 07 B0 12 A6 DE 2C 9A 06 20 17 51 
04 00 2A 53 19 53 16 83 F5 23 CA 05 1A 83 CC 0A 
B0 12 9C DE 08 5C 19 83 09 9A 0F 2C C7 0A 57 02 
17 51 06 00 C6 0A 06 89 B0 12 8E DE 06 20 18 81 
04 00 27 83 1A 83 16 83 F7 23 1A 53 B0 12 CA FA 
C8 0C B4 40 33 A5 00 00 84 4A 02 00 84 49 04 00 
94 41 04 00 06 00 84 45 08 00 3A 93 13 24 19 53 
09 95 0E 2C 09 9A 14 24 CF 09 5F 02 1E 41 06 00 
0E 5F 8E 43 00 00 19 53 09 95 F4 2B 09 85 FC 3F 
09 85 EE 3F 1C 41 06 00 0D 43 2E 41 B0 12 9E FC 
CC 08 B0 12 C8 FB CC 04 31 52 64 17 30 41 CC 08 
1D 41 06 00 B0 12 44 FB 2C 97 30 41 1D 41 06 00 
B0 12 B2 FC 30 41 1D 41 06 00 B0 12 44 FB 30 41 
6A 15 3F 40 25 00 6F 9D 65 20 1D 53 6F 4D 7F 90 
30 00 60 28 7F 90 3A 00 5D 2C 3B 40 03 00 0A 43 
6F 4D 7F 90 30 00 1E 28 7F 90 3A 00 1B 2C 08 42 
32 C2 03 43 19 42 EC 04 82 43 EC 04 82 4A C0 04 
B2 40 0A 00 C8 04 00 3C 03 43 1F 42 CA 04 82 49 
EC 04 02 48 03 43 7A 4D 0A 5F 3A 80 30 00 1B 83 
DF 23 38 3C 3A 90 0C 00 35 2C 3F 40 2E 00 6F 9D 
31 20 1D 53 39 40 03 00 0B 43 6F 4D 7F 90 30 00 
29 28 7F 90 3A 00 1B 2C 07 42 32 C2 03 43 18 42 
EC 04 82 43 EC 04 82 4B C0 04 B2 40 0A 00 C8 04 
00 3C 03 43 1F 42 CA 04 82 48 EC 04 02 47 03 43 
7B 4D 0B 5F 3B 80 30 00 19 83 DF 23 0B 3C 6F 4D 
7F 90 66 00 03 24 7F 90 46 00 04 20 1D 53 CD 93 
00 00 02 24 2C 43 73 3C 0E 93 06 34 3E E3 1E 53 
1C 53 FC 40 2D 00 FF FF C9 0E 0C 5A 8E 10 4E 4E 
CF 0E 1A 93 30 38 35 40 0A 00 34 40 CD 0C C8 0A 
06 42 32 C2 03 43 17 42 EC 04 A2 42 EC 04 82 4F 
C2 04 82 44 C8 04 00 3C 03 43 1E 42 CC 04 82 43 
EC 04 82 4E C0 04 82 45 C8 04 00 3C 03 43 1D 42 
CA 04 0F 9D 03 2C 3D 80 0A 00 1E 83 0F 8D 82 47 
EC 04 02 46 03 43 1C 83 7F 50 30 00 CC 4F 00 00 
CF 0E 18 83 D5 23 0F 93 02 24 1C 43 30 3C 0C 5A 
4E 49 8E 10 0B 93 28 24 1C 53 FC 40 2E 00 FF FF 
1B 83 3B 93 21 24 3A 40 0A 00 1B 53 09 42 32 C2 
03 43 1F 42 EC 04 82 43 EC 04 82 4E C0 04 82 4A 
C8 04 00 3C 03 43 1E 42 CA 04 0D 43 1D D2 CC 04 
0E D3 82 4F EC 04 02 49 03 43 7D 50 30 00 1C 53 
CC 4D FF FF 1B 83 E2 23 CC 43 00 00 0C 43 64 17 
30 41 1F 42 60 01 3F F0 03 00 B2 40 00 A5 60 01 
82 4F 00 C4 40 18 B2 90 96 A5 04 D4 1A 20 40 18 
1C 42 02 D4 7C F0 03 00 7C 90 03 00 83 24 B2 B0 
00 02 2A 01 09 20 B2 B0 00 80 2A 01 05 24 40 18 
B2 D0 00 01 02 D4 76 3C 40 18 B2 B0 10 00 02 D4 
71 20 40 18 82 43 02 D4 40 18 82 43 04 D4 1F 42 
00 C4 3F D0 00 A5 82 4F 60 01 30 41 02 14 32 C2 
03 43 1F 42 60 01 3F F0 03 00 B2 40 00 A5 60 01 
82 4F 00 C4 40 18 82 4C 02 D4 7C F0 03 00 4C 93 
79 24 7B 14 40 18 34 40 00 30 F4 01 40 18 82 44 
06 D4 86 00 02 C4 C5 01 40 18 B6 45 00 00 E6 03 
F4 03 FA 23 40 18 35 40 00 20 86 00 A2 C4 40 18 
34 40 60 0F 40 18 B6 45 00 00 E6 03 F4 03 FA 23 
40 18 B2 40 96 A5 04 D4 1F 42 00 C4 3F D0 00 A5 
82 4F 60 01 7C 90 03 00 1C 20 32 C0 40 00 B2 40 
05 00 86 01 B2 40 06 00 82 01 82 43 88 01 C2 4D 
8A 01 3D C0 FF 00 8D 10 3D 50 08 5A 82 4D CC 01 
F2 40 A5 00 21 01 F2 D0 40 00 20 01 C2 43 21 01 
FF 3F F2 40 A5 00 21 01 F2 40 10 00 20 01 32 D0 
F0 00 03 43 B2 40 80 5A CC 01 32 C0 40 00 A2 42 
82 01 40 18 36 40 00 20 85 00 A2 C4 40 18 34 40 
60 0F 40 18 B6 45 00 00 E6 03 F4 03 FA 23 81 00 
00 30 40 18 14 42 06 D4 F1 04 C6 01 85 00 02 C4 
40 18 B6 45 00 00 E6 03 F4 03 FA 23 74 16 40 18 
82 43 04 D4 40 18 1C 42 02 D4 1F 42 00 C4 3F D0 
00 A5 82 4F 60 01 0D 16 03 43 C2 0D 03 43 30 41 
2A 15 31 80 40 00 3C 40 00 03 B0 12 0E FE B0 12 
26 F4 B0 12 AA F1 B0 12 A4 F0 9D 3C 3C 40 00 07 
4D 43 B0 12 62 FB 03 43 32 D0 D8 00 03 43 1A 42 
1A 1A 1C 42 12 07 0C 8A B0 12 72 F8 0E 43 3F 40 
5C 42 B0 12 12 EA C8 0C C9 0D 1C 42 1C 1A 0C 8A 
B0 12 66 FA CE 0C CF 0D CC 08 CD 09 B0 12 E0 EE 
0E 43 3F 40 F0 41 B0 12 1A E6 0E 43 3F 40 80 43 
B0 12 12 EA B0 12 00 F3 CA 0C CC 01 3D 40 20 D7 
CE 0A B0 12 B0 DE 3C 40 26 D7 B0 12 94 F7 CC 01 
B0 12 94 F7 C2 93 78 20 10 24 CC 01 3D 40 20 D7 
1E 42 76 20 B0 12 B0 DE 3C 40 38 D7 B0 12 94 F7 
CC 01 B0 12 94 F7 C2 43 78 20 3C 40 4A D7 B0 12 
94 F7 CC 0A B0 12 CA F3 C9 0C CA 0D 1C 42 76 20 
B0 12 CA F3 CE 0C CF 0D CC 09 CD 0A B0 12 14 E6 
C9 0C CA 0D 0E 43 0F 43 B0 12 CE F5 0C 93 12 38 
3C 40 80 03 2D 42 0E 43 B0 12 16 FE CC 09 CD 0A 
0E 43 3F 40 A0 40 B0 12 12 EA B0 12 00 F3 82 4C 
7C 20 13 3C CC 09 CD 0A B0 12 D2 FD 0E 43 3F 40 
A0 40 B0 12 12 EA B0 12 60 F6 CE 0C 3C 40 80 03 
2D 42 B0 12 16 FE 82 43 7C 20 0D 12 0E 12 3D 40 
7C 5A 3E 40 05 00 1D 83 0E 73 FD 23 0D 93 FB 23 
3E 41 3D 41 00 3C D2 93 74 20 60 27 31 50 40 00 
28 17 30 41 6A 15 34 40 00 01 3D 43 36 43 07 43 
08 43 0A 43 82 44 80 01 92 C3 8E 01 92 B3 8E 01 
FB 23 1F 42 82 01 5F 03 3F F0 07 00 3F 92 0B 2C 
5F 02 10 4F A6 E3 26 E4 16 E4 06 E4 F6 E3 E6 E3 
B6 E3 D6 E3 C6 E3 0D 12 3D 40 7D 3E 1D 83 FE 23 
3D 41 00 3C 37 3C 0D 12 3D 40 BD 5D 1D 83 FE 23 
3D 41 00 3C 2F 3C 0D 12 3D 40 1D 4E 1D 83 FE 23 
3D 41 00 3C 27 3C 0D 12 3D 40 DD 2E 1D 83 FE 23 
3D 41 00 3C 1F 3C 0D 12 3D 40 3D 1F 1D 83 FE 23 
3D 41 00 3C 17 3C 0D 12 3D 40 9D 0F 1D 83 FE 23 
3D 41 00 3C 0F 3C 0D 12 3D 40 CD 07 1D 83 FE 23 
3D 41 00 3C 07 3C 0D 12 3D 40 E5 03 1D 83 FE 23 
3D 41 00 3C B2 B0 00 03 8E 01 03 24 92 B3 8E 01 
F9 27 19 42 80 01 15 42 82 01 CE 0D 3D 40 FF 01 
0D F9 CF 05 5F 0F 3F F0 07 00 3D 90 00 01 0F 28 
CB 0D 3B 80 00 01 3E 90 00 01 11 28 CE 05 3E F0 
8F FF CF 05 3F F0 70 00 3F 50 10 00 0F 3C 3B 40 
00 01 0B 8D 3E 93 05 24 3E 90 00 01 02 28 1A 43 
08 3C 1F 83 5F 0E CE 05 3E F0 8F FF 0F DE 82 4F 
82 01 0B 96 03 2C C7 09 C8 05 C6 0B 0A 93 6A 27 
82 47 80 01 82 48 82 01 8C 47 00 00 8C 48 02 00 
B2 B0 00 03 8E 01 FC 23 64 17 30 41 5A 15 31 80 
42 00 3C 40 00 03 3D 40 00 30 B0 12 C6 FC 91 3C 
C2 93 72 20 68 24 B0 12 AA F1 0D 12 3D 40 33 82 
1D 83 FE 23 3D 41 C2 43 72 20 1C 42 70 20 B0 12 
AA FA CA 0C 3C 40 76 D7 B0 12 94 F7 1A 93 42 38 
C9 0A 19 83 08 43 CD 01 3D 50 40 00 CE 08 1C 42 
70 20 B0 12 22 F2 17 42 1A 1A 1C 41 40 00 0C 87 
B0 12 72 F8 0E 43 3F 40 5C 42 B0 12 12 EA C5 0C 
C6 0D 1C 42 1C 1A 0C 87 B0 12 66 FA CE 0C CF 0D 
CC 05 CD 06 B0 12 E0 EE 0E 43 3F 40 F0 41 B0 12 
1A E6 0E 43 3F 40 80 43 B0 12 12 EA B0 12 00 F3 
CE 0C CC 01 3D 40 88 D7 B0 12 B0 DE CC 01 B0 12 
94 F7 08 99 04 34 3C 40 8E D7 B0 12 94 F7 18 53 
1A 83 C1 23 3C 40 92 D7 B0 12 94 F7 3C 40 00 05 
5D 43 B0 12 06 FE 4C 93 F9 23 3C 40 00 05 7D 40 
0A 00 B0 12 62 FC C2 93 73 20 06 24 C2 43 73 20 
1C 42 70 20 B0 12 A6 F6 C2 93 75 20 17 24 C2 43 
75 20 B0 12 26 F4 3C 40 00 07 4D 43 B0 12 62 FB 
03 43 32 D0 D8 00 03 43 1C 42 70 20 3D 40 6E 20 
B0 12 9A ED 0C 93 09 20 D2 C3 02 02 4C 43 B0 12 
C8 FD C2 93 74 20 6C 27 01 3C FF 3F 31 50 42 00 
55 17 30 41 3B 40 80 00 01 3C 0B 43 0A 12 09 12 
08 12 07 12 21 83 3F B0 80 7F 7B 24 3D B0 80 7F 
05 20 0C 4E 0D 4F 8B 10 0D EB 73 3C 5D 02 08 4D 
4D 10 38 F0 00 FF 0D D8 5F 02 08 4F 4F 10 38 F0 
00 FF 0F D8 09 4C 0A 4D 3D F0 80 00 C1 4D 00 00 
0B EA 0B EF 3B C0 7F FF 3A D0 80 00 3F D0 80 00 
0A 9F 02 20 09 9E 0A 24 0B 2C 0D 4F 0F 4A 0A 4D 
0C 4E 0E 49 09 4C 81 EB 00 00 02 3C 0B 93 4F 20 
0C 43 08 4A 88 10 47 48 8F 10 48 8F 8F 10 0E 24 
38 90 19 00 34 2C 12 C3 4F 10 5E 00 5C 00 3C B0 
00 10 02 24 3C D0 00 20 18 83 F5 23 0B 93 0C 24 
08 8C 09 7E 4A 7F 0C 48 4A 93 12 30 5C 02 09 69 
4A 6A 17 83 2C 24 F8 3F 09 5E 4A 6F 09 28 4A 10 
59 00 5C 00 3C B0 00 10 02 24 3C D0 00 20 17 53 
3C B0 00 80 07 24 09 63 4A 63 07 63 3C B0 00 60 
01 20 19 C3 17 93 13 38 37 90 FF 00 13 34 7A C0 
80 00 87 10 D1 51 00 00 00 00 57 00 0A D7 0C 49 
0D 4A 21 53 37 41 38 41 39 41 3A 41 30 41 0D 43 
0C 43 F7 3F 3D 40 FF FE D1 61 00 00 00 00 5D 00 
3C 43 EF 3F 03 43 3A 15 C8 0E CB 0C 1E 41 0A 00 
2A 4B 1C 43 0C 5A 0C 98 5B 2C 0D 5A 1D 53 8B 4C 
00 00 69 4D 49 93 54 24 79 90 22 00 54 24 79 90 
5C 00 4A 20 19 43 09 5C 09 98 46 2C CC 09 8B 4C 
00 00 1D 53 69 4D 39 90 67 00 10 34 39 90 66 00 
3B 24 39 80 22 00 38 24 39 80 0D 00 35 24 39 80 
2D 00 32 24 39 80 06 00 2F 24 25 3C 39 80 6E 00 
2B 24 29 82 29 24 29 83 27 24 19 83 1C 20 1D 53 
1C 53 29 42 0C 98 1E 2C 8B 4C 00 00 67 4D 47 93 
19 24 77 90 30 00 0F 28 77 90 3A 00 0F 28 77 90 
41 00 09 28 77 90 47 00 09 28 77 90 61 00 03 28 
77 90 67 00 03 28 3C 40 FE FF 23 3C 1D 53 1C 53 
19 83 E0 23 1D 83 1C 83 1D 53 1C 53 0C 98 A7 2B 
3C 40 FD FF 16 3C 0F 93 11 24 CC 0B CD 0F B0 12 
42 FA 0C 93 0D 24 2F 4B BC 40 03 00 00 00 1A 53 
8C 4A 02 00 8C 4F 04 00 8C 43 06 00 0C 43 03 3C 
3C 43 8B 4A 00 00 37 17 30 41 1A 15 21 83 CF 0C 
CC 0E CE 0D 44 18 0E 5E 81 4E 00 00 0A 42 3A F0 
40 00 32 D0 40 00 B2 F0 00 FE 80 01 B2 F0 00 FC 
84 01 1D 83 82 4D 84 01 F2 F0 F1 00 82 01 19 43 
3F 90 E9 03 30 28 3F 90 D1 07 2A 28 3F 90 A1 0F 
24 28 3F 90 41 1F 1D 28 3F 90 E1 2E 17 28 3F 90 
81 3E 10 28 3F 90 21 4E 09 28 3F 90 C1 5D 02 28 
09 43 1C 3C F2 D0 0E 00 82 01 18 3C F2 D0 0C 00 
82 01 14 3C F2 D0 0A 00 82 01 10 3C F2 D2 82 01 
0D 3C F2 D0 06 00 82 01 09 3C E2 D2 82 01 06 3C 
E2 D3 82 01 03 3C D2 42 82 01 82 01 32 C0 40 00 
B2 D0 80 00 82 01 8C 4F 04 00 B0 12 74 E3 04 3C 
D2 C3 8E 01 E2 C3 02 01 B2 B0 00 03 8E 01 F8 23 
D2 B3 8E 01 F5 23 03 43 02 DA 03 43 91 83 00 00 
09 3C 0D 12 3D 40 07 00 1D 83 FE 23 3D 41 00 3C 
91 83 00 00 B1 93 00 00 F4 23 CC 09 21 53 19 17 
30 41 9F 15 31 82 A2 93 1E 05 60 20 1C 42 0C 05 
4C 4C B0 12 18 F6 C2 93 80 20 58 24 3C 40 68 20 
B0 12 5C FD 3C 40 00 20 B0 12 6A FD CE 0C B1 40 
05 00 00 00 3C 40 68 20 3D 40 00 20 3F 40 40 20 
B0 12 AC DA C7 0C 27 93 3F 38 39 40 52 20 26 43 
3A 40 48 20 18 43 3F 40 03 00 2F 9A 30 20 1F 4A 
02 00 1E 4A 04 00 CD 0E 0D 8F 3D 90 0D 00 27 20 
3C 40 00 20 0C 5F 0E 8F 3D 40 FC D7 B0 12 18 FA 
0C 93 1D 20 2F 49 3D 40 00 20 0D 5F CE 09 0E 56 
2E 4E 0E 8F CC 01 2C 53 B0 12 98 F9 CC 01 2C 53 
0D 43 B0 12 76 D8 0E 43 3F 40 80 43 B0 12 12 EA 
B0 12 00 F3 82 4C 76 20 39 52 3A 52 18 53 39 52 
3A 52 18 53 08 97 C7 3B C2 43 80 20 31 52 96 17 
00 13 0A 12 09 12 08 12 07 12 07 4F 07 ED 0A 4F 
5A 02 8A 10 4A 4A 0A 93 4C 24 7F D0 80 00 0B 4D 
5B 02 8B 10 4B 4B 0B 93 3F 24 7D D0 80 00 0B 5A 
3B 80 7F 00 08 43 09 43 0E 93 09 24 1A 43 5E 00 
02 28 08 5C 09 6D 59 00 58 00 5A 02 F8 2B 0E 43 
1A 43 5F 00 02 28 08 5C 09 6D 59 00 58 00 5E 00 
3E B0 00 10 02 24 3E D0 00 20 4A 5A F2 23 49 93 
02 34 1B 53 03 3C 0E 6E 08 68 49 69 3E B0 00 80 
07 24 08 63 49 63 0B 63 3E B0 00 60 01 20 18 C3 
1B 93 0F 38 3B 90 FF 00 0F 34 49 59 8B 10 09 DB 
57 02 59 00 0D 49 0C 48 37 41 38 41 39 41 3A 41 
30 41 0C 43 0D 43 F8 3F 3D 40 FF FE 3C 43 57 02 
5D 00 F2 3F 03 43 0E 42 3E F0 40 00 32 D0 40 00 
B2 F0 00 FE 80 01 B2 F0 00 FC 84 01 1D 83 82 4D 
84 01 F2 F0 F1 00 82 01 1F 43 3C 90 E9 03 30 28 
3C 90 D1 07 2A 28 3C 90 A1 0F 24 28 3C 90 41 1F 
1D 28 3C 90 E1 2E 17 28 3C 90 81 3E 10 28 3C 90 
21 4E 09 28 3C 90 C1 5D 02 28 0F 43 1C 3C F2 D0 
0E 00 82 01 18 3C F2 D0 0C 00 82 01 14 3C F2 D0 
0A 00 82 01 10 3C F2 D2 82 01 0D 3C F2 D0 06 00 
82 01 09 3C E2 D2 82 01 06 3C E2 D3 82 01 03 3C 
D2 42 82 01 82 01 32 C0 40 00 04 3C D2 C3 8E 01 
E2 C3 02 01 B2 B0 00 03 8E 01 F8 23 D2 B3 8E 01 
F5 23 03 43 02 DE 03 43 CC 0F 30 41 4F 4C 1F 83 
2D 24 1F 83 45 24 2F 83 3D 24 2F 82 48 20 F2 F0 
CF 00 86 01 2D 93 01 20 0D 43 5D 0E C2 DD 86 01 
5F 42 86 01 0E 93 3B 24 3E 90 10 00 11 24 3E 90 
0A 00 08 20 CE 0F 7E F0 F8 00 7E D0 05 00 C2 4E 
86 01 30 41 7F F0 F8 00 7E 50 FC 00 4E DF F7 3F 
CE 0F 7E F0 F8 00 7E D0 06 00 F1 3F B2 F0 FF FE 
88 01 2D 93 09 24 1D 93 05 24 3D 90 03 00 05 20 
2D 43 03 3C 1D 43 01 3C 0D 43 4D 4D 8D 10 82 DD 
88 01 30 41 B0 12 30 EC 5E 0E 3F F0 CF FF 04 3C 
B0 12 30 EC 3F F0 F8 FF 0E DF 82 4E 8A 01 30 41 
B2 F0 F8 FF 88 01 82 DD 88 01 1F 42 8A 01 30 41 
0F 15 F2 B2 01 02 16 20 F2 B0 80 FF 01 02 12 20 
F2 D0 88 00 19 02 F2 F0 77 00 1D 02 C2 43 72 20 
C2 43 73 20 4F 43 C2 93 74 20 01 20 5F 43 C2 4F 
74 20 3B 3C F2 B2 1D 02 18 24 F2 C2 1D 02 F2 B2 
01 02 11 24 F2 D2 19 02 D2 43 72 20 D2 93 74 20 
0C 20 B2 90 01 81 76 20 08 38 B2 80 80 00 76 20 
D2 43 78 20 02 3C F2 C2 19 02 F2 B0 80 FF 1D 02 
1C 24 F2 F0 7F 00 1D 02 F2 B0 80 FF 01 02 12 24 
F2 D0 80 00 19 02 D2 43 73 20 D2 93 74 20 0D 20 
B2 90 00 7F 76 20 09 34 B2 50 80 00 76 20 D2 43 
78 20 03 3C F2 F0 7F 00 19 02 0F 17 00 13 5A 15 
C6 0E C7 0C 08 42 32 C2 03 43 39 40 03 00 19 F2 
60 01 B2 40 00 A5 60 01 4D 93 02 24 37 D0 10 00 
15 42 74 D8 05 93 0E 24 CA 05 5A 02 3A 50 CA D7 
2A 83 2F 4A 2C 4F 1D 4F 02 00 CE 07 9F 12 04 00 
15 83 F6 23 CC 07 CD 06 B0 12 DC E0 C7 0C 82 93 
74 D8 0D 24 1A 42 74 D8 36 40 CA D7 3F 46 2C 4F 
1D 4F 02 00 CE 07 9F 12 06 00 1A 83 F7 23 92 C3 
30 01 82 93 74 D8 10 24 1A 42 74 D8 36 40 CA D7 
3E 46 1F 4E 08 00 0F 93 05 24 2C 4E 1D 4E 02 00 
CE 07 8F 12 1A 83 F4 23 39 D0 00 A5 82 49 60 01 
03 43 02 48 03 43 55 17 30 41 6A 15 21 82 81 4D 
00 00 C6 0C 39 40 0A 00 09 56 17 46 08 00 C8 07 
58 02 08 59 15 46 02 00 1A 46 04 00 14 46 06 00 
3F 40 33 A5 2F 96 02 24 1C 43 36 3C B0 12 CA FA 
81 4C 02 00 1A 53 01 3C 0A 87 0A 97 FD 2F 0A 95 
0D 20 CF 0A 5F 02 0F 59 8F 43 00 00 1F 43 0F 5A 
01 3C 0F 87 0F 97 FD 2F 86 4F 02 00 CC 04 CD 0A 
B0 12 B2 FC 08 5C CC 08 2D 41 CE 04 B0 12 FC FC 
2C 41 CD 04 B0 12 44 FB CF 0A 5F 02 0F 59 8F 4C 
00 00 86 4A 04 00 35 93 02 20 86 4A 02 00 1C 41 
02 00 B0 12 C8 FB 0C 43 21 52 64 17 30 41 3A 15 
CB 0E CA 0C 1E 41 0A 00 28 4A C9 08 09 9B 2A 2C 
0D 59 0B 89 67 4D 47 93 25 24 4C 47 3C 80 09 00 
2C 93 20 28 2C 82 1E 24 3C 80 13 00 1B 24 3C 80 
0C 00 18 24 3C 80 0E 00 15 24 3C 80 23 00 12 24 
3C 80 20 00 0F 24 77 90 20 00 03 28 77 90 7F 00 
03 28 3C 40 FE FF 20 3C 1D 53 18 53 8A 48 00 00 
1B 83 D8 23 0F 93 04 20 18 83 0C 43 C9 08 14 3C 
CC 0A CD 0F B0 12 42 FA 0C 93 0D 24 2F 4A AC 42 
00 00 8C 49 02 00 8C 4F 04 00 8C 43 06 00 9A 83 
00 00 0C 43 03 3C 3C 43 8A 49 00 00 37 17 30 41 
0A 12 09 12 08 12 07 12 07 4F 07 ED 0A 4F 5A 02 
8A 10 4A 4A 0A 93 3B 24 7F D0 80 00 0B 4D 5B 02 
8B 10 4B 4B 0B 93 2B 24 7D D0 80 00 0B 8A 3B 50 
7F 00 3A 40 18 00 08 43 09 43 0C 8E 0D 7F 03 2C 
0C 5E 0D 6F 12 C3 08 68 09 69 5C 02 0D 6D 1A 83 
F4 23 49 93 03 30 1A 53 1B 83 EF 3F 0C 7E 0D 7F 
08 63 49 63 0B 63 1B 93 0F 38 3B 90 FF 00 0F 34 
49 59 8B 10 09 DB 57 02 59 00 0D 49 0C 48 37 41 
38 41 39 41 3A 41 30 41 0C 43 0D 43 F8 3F 3C 40 
FF FE 3D 43 57 02 5D 00 F2 3F 03 43 3C 40 CC 01 
B0 12 76 FC B0 12 5A F7 B0 12 80 F5 B2 40 32 00 
08 03 B2 40 40 37 00 03 A2 D3 00 03 B0 12 26 F4 
B0 12 AA F1 3C 40 08 D4 2D 43 3E 40 64 00 B0 12 
B4 DC 82 4C 70 20 E2 E3 02 02 0D 12 0E 12 3D 40 
FC 48 3E 40 3C 00 1D 83 0E 73 FD 23 0D 93 FB 23 
3E 41 3D 41 00 3C E2 E3 02 02 F2 F0 77 00 1D 02 
C2 43 74 20 C2 43 72 20 C2 43 73 20 C2 43 75 20 
03 43 32 D2 03 43 04 3C D2 43 78 20 B0 12 10 E2 
5F 42 74 20 0F 93 03 24 1F 83 F6 27 F9 3F B0 12 
CC E4 F6 3F 03 43 9C D3 00 00 BC F0 3F FF 00 00 
6F 4D 8C DF 00 00 BC F0 FF DF 00 00 9C DD 08 00 
00 00 BC F0 FF F7 00 00 9C DD 0A 00 00 00 5F 4D 
06 00 0F 93 12 24 1F 83 09 24 1F 83 11 20 BC D0 
00 80 00 00 BC D0 00 40 00 00 0A 3C BC D0 00 80 
00 00 BC F0 FF BF 00 00 03 3C BC F0 FF 7F 00 00 
9C 4D 02 00 06 00 5F 4D 05 00 5F 0E 5E 4D 04 00 
0E 5F 5E 0E 5F 4D 0E 00 0E 5F 8C 4E 08 00 BC F0 
FF E8 00 00 9C DD 0C 00 00 00 BC F0 C1 FF 00 00 
5C 43 30 41 0A 15 31 80 1A 00 E2 C3 0A 02 E2 D3 
0C 02 3A 40 00 01 81 4A 0E 00 81 43 10 00 B1 40 
64 00 12 00 A1 42 14 00 B1 40 E0 00 16 00 B1 40 
32 00 18 00 3C 40 80 03 CD 01 3D 50 0E 00 B0 12 
D8 F4 CC 01 3D 40 EE D7 3E 40 0E 00 B0 12 FC FC 
81 4A 00 00 81 43 02 00 91 43 04 00 81 43 06 00 
B1 40 10 00 08 00 A1 42 0A 00 C1 43 0C 00 3C 40 
C0 03 CD 01 B0 12 68 F3 3C 40 C0 03 3D 40 10 00 
B0 12 78 FD 31 50 1A 00 0A 17 30 41 2A 15 3F 40 
00 00 3F 90 00 00 04 24 3C 40 00 00 B0 12 80 F4 
19 42 CC 01 B2 40 80 5A CC 01 3F 40 0C D6 3F 90 
12 D6 15 24 3F 40 16 D6 3F 90 1E D6 10 24 3A 40 
1E D6 3A 80 16 D6 5A 05 38 40 16 D6 3C 48 7F 4C 
5F 02 1F 4F 0C D6 3D 48 8F 12 1A 83 F7 23 79 C2 
39 D0 08 5A 82 49 CC 01 B0 12 4E FE 3F 40 00 00 
3F 90 00 00 08 24 3A 40 00 00 02 3C 3F 4A 8F 12 
3A 90 00 00 FB 23 28 17 30 41 31 80 10 00 F2 D0 
30 00 0A 02 F2 F0 CF 00 0C 02 CC 01 3D 40 DE D7 
3E 40 10 00 B0 12 FC FC F1 40 80 00 00 00 B1 42 
02 00 F1 40 0A 00 04 00 F1 40 F7 00 05 00 C1 43 
06 00 81 43 08 00 81 43 0A 00 81 43 0C 00 D1 43 
0E 00 3C 40 00 05 CD 01 B0 12 16 F0 4C 93 0E 24 
3C 40 00 05 B0 12 3C FE 3C 40 00 05 5D 43 B0 12 
FE FD 3C 40 00 05 5D 43 B0 12 E0 FB 31 50 10 00 
30 41 4A 15 C8 0D CA 0E 39 40 0A 00 09 5C 1D 4C 
08 00 CB 0D 5B 02 0B 59 16 4C 02 00 17 4C 06 00 
3F 40 33 A5 2F 9C 22 20 B0 12 AA FA 0A 9C 02 28 
2C 43 1D 3C 0A 56 0A 9D 17 2C CC 07 CD 0A B0 12 
B2 FC 0B 5C CC 08 CD 0B CE 07 B0 12 FC FC CC 08 
CD 07 B0 12 44 FB 5A 02 0A 59 2C 9A 02 20 0C 43 
06 3C 3C 40 03 00 03 3C 0A 8D E5 3F 1C 43 46 17 
30 41 2A 15 78 4C 09 43 10 3C CE 0D 0E 8B 1E 83 
1D 53 FD 4E FF FF 1F 83 FB 23 03 3C 1D 53 FD 4C 
FF FF 58 03 19 53 39 92 ED 37 18 B3 F7 23 7B 4C 
7F 4C CE 0B 5E 0E CB 0F 5B 0F 3B F0 0F 00 0B DE 
3F F0 0F 00 3F 50 03 00 3F 90 12 00 0C 20 7E 4C 
3E B0 80 00 07 24 7A 4C 3E F0 7F 00 4A 4A 46 18 
0A 5A 0E DA 0F 5E 3B 90 FF 0F CF 23 28 17 30 41 
0B 4D 0E 4B 3B F0 80 7F 2D 24 5B 02 8B 10 7E D0 
80 00 3B 80 7F 00 26 30 3B 90 0F 00 11 24 1D 34 
5E 01 5C 00 1E 93 01 24 FB 3F 1B 83 03 30 5C 02 
0E 6E FB 3F 0D 93 02 34 3E E3 1E 53 0C 4E 30 41 
8E 10 8C 10 4C 4C 0C DE 3C 90 00 80 01 24 05 3C 
0D 93 03 34 3C 40 00 80 30 41 0D 93 FB 33 3C 40 
FF 7F 30 41 0C 43 30 41 BC F0 09 FC 00 00 3F 40 
20 00 0F 5C BF F0 F8 FF 00 00 3E 40 07 00 1E FD 
02 00 8F DE 00 00 1F 4D 0A 00 2F 5D 1F 5D 06 00 
3E 40 F8 1F 1E FD 02 00 5E 0A 0E 5F 8C DE 00 00 
CD 93 0C 00 03 24 BC D0 10 00 00 00 BD 90 10 00 
08 00 04 24 BC F0 EF FF 02 00 03 3C BC D0 10 00 
02 00 9C 4D 04 00 12 00 30 41 21 82 0C 93 0B 38 
0C 93 03 20 0C 43 0D 43 24 3C 3F 40 00 43 3C 90 
00 80 08 28 0D 3C 3C E3 1C 53 3F 40 00 C3 3C 90 
00 80 06 2C 3F 80 80 00 5C 02 3C 90 00 80 FA 2B 
0E 43 3C F0 FF 7F 0E F3 4E EC 0E EC 8E 10 4C 4C 
8C 10 0E 5F 81 4C 00 00 81 4E 02 00 2C 41 1D 41 
02 00 21 52 30 41 3C 40 00 07 0D 43 4E 43 0F 43 
B0 12 A8 F8 3C 40 00 07 B0 12 EE FD 3C 40 00 07 
3D 40 00 0C 0E 43 B0 12 4E FC 3C 40 00 07 7D 40 
0C 00 7E 40 10 00 4F 43 B0 12 10 F9 3C 40 00 07 
5D 43 B0 12 E6 FD 3C 40 00 07 5D 43 B0 12 F6 FD 
B0 12 B4 FD 0C 93 FC 27 B0 12 1E FD 30 40 0E FD 
1A 15 C9 0C 1B 49 02 00 0A 43 22 3C CC 0A 3D 40 
06 00 B0 12 B2 FC 0C 59 1E 4C 08 00 1D 4C 04 00 
1F 4C 06 00 CC 0F 0E 93 0E 20 3E 40 0C D6 3E 90 
12 D6 0D 24 6E 4D 5E 02 1E 4E 0C D6 1D 53 CC 0D 
CD 0F 8E 12 02 3C B0 12 FC FC 1B 49 02 00 1A 53 
0A 9B DC 2B 19 17 30 41 BC F0 09 FC 00 00 3F 40 
20 00 0F 5C BF F0 F8 FF 00 00 3E 40 07 00 1E FD 
02 00 8F DE 00 00 3F 40 F8 1F 1F FD 02 00 5F 0A 
2F 5D 3F 50 14 00 8C DF 00 00 9C 4D 04 00 12 00 
BC F0 0F FF 02 00 1F 4D 06 00 0F 5C 9F DD 08 00 
00 00 1C 5D 06 00 9C 4D 0A 00 10 00 30 41 32 D0 
40 00 AC 4D 00 00 9C 4D 02 00 02 00 9C 4D 04 00 
04 00 9C 4D 06 00 06 00 9C 4D 08 00 08 00 9C 4D 
0A 00 0A 00 9C 4D 0C 00 0C 00 BD B0 40 00 12 00 
08 20 00 3C 03 43 32 C0 40 00 B2 B0 00 03 8E 01 
FC 23 9C 4D 0E 00 0E 00 9C 4D 10 00 10 00 30 41 
31 80 06 00 7C 42 1D 43 0E 43 B0 12 8C EB 5C 43 
1D 43 0E 43 B0 12 8C EB CC 01 3D 40 6E D8 3E 40 
06 00 B0 12 FC FC 3C 40 80 3E 3D 40 E8 01 CE 01 
B0 12 4A E8 3C 40 E8 03 B0 12 EA FA 3C 40 80 3E 
3D 40 E8 01 B0 12 DC F8 31 50 06 00 30 41 0B 4D 
0B EF 0A 30 0D 93 12 30 0D 9F 02 24 19 34 16 3C 
0C 9E 18 24 13 28 14 3C 3D B0 80 7F 04 20 3F B0 
80 7F 01 20 0F 24 0D 9F 0B 34 08 3C 0F 9D 02 24 
07 34 04 3C 0E 9C EC 27 01 28 02 3C 3C 43 30 41 
1C 43 30 41 0C 43 30 41 C2 93 82 20 17 24 92 53 
84 20 7C 90 0A 00 09 24 B2 90 40 00 84 20 0B 2C 
1F 42 84 20 CF 4C 00 20 30 41 1F 42 84 20 CF 43 
00 20 D2 43 80 20 C2 43 82 20 30 41 7C 90 0A 00 
06 24 D2 43 82 20 82 43 84 20 C2 4C 00 20 30 41 
0B 4D 0E 4B 3B F0 80 7F 1C 24 5B 02 8B 10 7E D0 
80 00 3B 80 7F 00 15 30 3B 90 10 00 10 34 5E 01 
5C 00 1E 93 01 24 FB 3F 1B 83 03 30 5C 02 0E 6E 
FB 3F 0D 93 02 34 3E E3 1E 53 0C 4E 30 41 3C 43 
30 41 0C 43 30 41 2A 15 CA 0C 19 4A 08 00 3F 40 
33 A5 2F 9A 02 24 1C 43 14 3C B0 12 CA FA C8 0C 
3C 40 0A 00 0C 5A CE 09 5E 02 0D 43 B0 12 9E FC 
3F 43 8A 4F 02 00 8A 4F 04 00 CC 08 B0 12 C8 FB 
0C 43 28 17 30 41 8D 42 12 00 9D 4C 10 00 10 00 
9D 4C 0E 00 0E 00 9D 4C 0C 00 0C 00 9D 4C 0A 00 
0A 00 9D 4C 08 00 08 00 9D 4C 06 00 06 00 9D 4C 
04 00 04 00 2C 53 AD 4C 02 00 AD 4C 00 00 30 41 
3F 40 1A 00 0F 5C AD 4F 0C 00 9D 4C 18 00 0A 00 
9D 4C 0C 00 08 00 9D 4C 0A 00 06 00 9D 4C 06 00 
04 00 9D 4C 04 00 02 00 9D 4C 02 00 00 00 3E 90 
03 00 02 20 8F 43 00 00 30 41 B2 D3 04 02 F2 D3 
24 02 82 43 02 02 C2 43 22 02 F2 D0 88 00 03 02 
F2 F0 77 00 05 02 F2 D0 88 00 07 02 F2 D0 88 00 
19 02 F2 D0 88 00 1B 02 92 C3 30 01 F2 F0 77 00 
1D 02 30 41 2A 15 C8 0C 0A 43 12 3C C9 0A 09 58 
C9 93 00 00 0C 24 3C 40 00 05 5D 43 B0 12 06 FE 
4C 93 F9 23 6D 49 3C 40 00 05 B0 12 62 FC 1A 53 
CC 08 B0 12 6A FD 0A 9C E9 2B 28 17 30 41 9D 4C 
2C 00 10 00 9D 4C 2A 00 0E 00 9D 4C 28 00 0C 00 
9D 4C 26 00 0A 00 9D 4C 24 00 08 00 9D 4C 12 00 
06 00 9D 4C 10 00 04 00 9D 4C 22 00 02 00 9D 4C 
20 00 00 00 30 41 4F 15 92 53 7E 20 1F 42 7E 20 
82 9F 7A 20 09 34 82 43 7E 20 92 93 7C 20 04 38 
5C 43 1D 43 B0 12 F6 FB 92 92 7E 20 7C 20 04 34 
5C 43 1D 43 B0 12 0C FC 4B 17 00 13 AC 4D 20 00 
9C 4D 02 00 22 00 9C 4D 04 00 10 00 9C 4D 06 00 
12 00 9C 4D 08 00 24 00 9C 4D 0A 00 26 00 9C 4D 
0C 00 28 00 9C 4D 0E 00 2A 00 9C 4D 10 00 2C 00 
30 41 0E 4C 0D 4C 0D 93 16 24 03 34 3D E3 1D 53 
0F 30 3B 40 8F 00 1B 83 5D 02 FD 2B 4C 4D 8C 10 
8D 10 4D 4D 8B 10 0D DB 5E 02 5D 00 5C 00 30 41 
3D 40 00 C7 0C 43 30 41 BC F0 EC FF 00 00 1B 4C 
1A 00 8C 43 1A 00 1B 4C 1C 00 8C 43 1C 00 CB 0F 
3B F0 E0 00 4E 4E 0E 5B 0E 5D 8C 4E 02 00 3F F0 
00 03 3F 50 10 00 8C 4F 04 00 30 41 21 83 CF 0D 
44 18 0F 5F 81 4F 00 00 B0 12 D6 EA 4C 4C 91 83 
00 00 09 3C 0D 12 3D 40 07 00 1D 83 FE 23 3D 41 
00 3C 91 83 00 00 B1 93 00 00 F4 23 21 53 30 41 
0A 15 CB 0D CA 0C 2D 43 2D BA 10 20 7B 90 0A 00 
06 2C 4D 4B 1C 43 B0 12 DC FD 82 DC 64 01 4B 4B 
4E 4E 0B 5E 4F 4F 0B 5F 8A 4B 0A 00 0A 17 30 41 
4F 15 B2 90 0C 00 1E 07 0F 20 C2 93 74 20 07 20 
3C 40 00 07 B0 12 36 FE 82 4C 6E 20 02 3C 92 C3 
1C 07 B1 C0 D0 00 0A 00 4B 17 00 13 0B 43 0D 93 
03 34 3D E3 1D 53 1B D3 0C 93 03 34 3C E3 1C 53 
3B E3 B0 12 38 FC 1B B3 02 24 3C E3 1C 53 2B B3 
02 24 3E E3 1E 53 30 41 0E 93 13 24 CF 0C 6B 4D 
1F 53 CF 4B FF FF 0B 93 03 24 1D 53 1E 83 F7 23 
CD 0E 1E 83 2D 93 05 28 1F 53 CF 43 FF FF 1E 83 
FB 23 30 41 AC 4D 02 00 9C 4D 02 00 04 00 9C 4D 
04 00 06 00 9C 4D 06 00 0A 00 9C 4D 08 00 0C 00 
9C 4D 0A 00 18 00 9C 4D 0C 00 1A 00 30 41 AC 4D 
00 00 9C 4D 02 00 06 00 1F 4D 04 00 4F C3 3F D0 
00 A5 8C 4F 20 00 9C 4D 06 00 22 00 9C 4D 08 00 
24 00 8C 43 1E 00 30 41 0A 15 0E 93 0F 24 CF 0C 
6B 4D 6C 4F 4A 4C 0A 9B 03 24 4C 4C 0C 8B 07 3C 
0B 93 04 24 1F 53 1D 53 1E 83 F2 23 0C 43 0A 17 
30 41 CF 0C 1C 4F 02 00 0C 9E 02 28 0C 43 30 41 
9F 53 02 00 5C 0A 0C 5D BC 43 04 00 BC 43 02 00 
8C 43 06 00 30 41 0D 4C 0D 93 0E 24 3B 40 8F 00 
1B 83 5D 02 FD 2B 4C 4D 8C 10 8D 10 4D 4D 8B 10 
0D DB 12 C3 5D 00 5C 00 30 41 9D 4C 0C 00 08 00 
9D 4C 0A 00 06 00 9D 4C 06 00 04 00 9D 4C 04 00 
02 00 9D 4C 02 00 00 00 30 41 1E 4C 02 00 1F 4C 
04 00 3E 93 02 20 0C 43 30 41 0F 9E 02 2C 1F 5C 
08 00 CC 0F 0C 8E 1C 53 30 41 0C 42 3C F2 CF 0C 
32 C2 03 43 3C 40 03 00 1C F2 60 01 B2 40 00 A5 
60 01 4C 4C 8C 10 0C DF 30 41 F2 F0 FC 00 8E 01 
E2 C3 02 01 E2 B3 02 01 02 24 1C 83 F6 23 5C 42 
8E 01 3C F0 03 00 30 41 AC 4D 02 00 9C 4D 02 00 
04 00 9C 4D 04 00 06 00 9C 4D 06 00 0A 00 9C 4D 
08 00 0C 00 30 41 9D 4C 24 00 08 00 9D 4C 22 00 
06 00 9D 4C 20 00 04 00 9D 4C 06 00 02 00 AD 4C 
00 00 30 41 1F 42 C4 01 B2 43 C4 01 0D 93 04 24 
F2 4C C0 01 1D 83 FC 23 1C 42 C4 01 82 4F C4 01 
30 41 AC C3 00 00 2F 43 0F 5C BF F0 F9 FF 00 00 
4D 4D 8F DD 00 00 BC D0 03 00 00 00 30 41 31 40 
00 30 B0 12 26 FE 0C 93 02 24 B0 12 2C F1 0C 43 
B0 12 7C EF B0 12 42 FE 2F 4D 4F C3 3F D0 00 A5 
8C 4F 00 00 9C 4D 02 00 04 00 CC 43 00 00 30 41 
1F 4D 02 00 4F C3 3F D0 00 A5 8C 4F 00 00 AC 4D 
04 00 CC 43 01 00 30 41 CF 0C 8F 10 4F 4F 3F D0 
00 A5 82 4F 60 01 4C C3 03 43 02 4C 03 43 30 41 
4F 4D 3F F0 0F 00 8C DF 1A 00 4D 4D 3D F0 30 00 
8C DD 00 00 30 41 4F 4C 5F 02 1F 4F 96 D7 5C B3 
02 20 4D 4D 8D 10 8F DD 02 00 30 41 4F 4C 5F 02 
1F 4F 96 D7 5C B3 02 20 4D 4D 8D 10 8F CD 02 00 
30 41 AD 4C 02 00 9D 4C 08 00 00 00 3E 90 03 00 
02 20 8C 43 00 00 30 41 0E 43 0F 4C 1C 43 5F 02 
0E 6E 0E 9D 01 28 0E 8D 0C 6C F9 2B 30 41 BC D0 
00 02 02 00 BC F0 7F F0 00 00 0D 5E 8C DD 00 00 
30 41 AC B3 1A 00 03 20 AC B3 1C 00 FD 27 4D 4D 
8C 4D 0E 00 30 41 2F 4C 7F F0 7F 00 7F D0 80 00 
3F 50 00 5A 8C 4F 00 00 30 41 1F 4C 01 00 0F 93 
05 24 1D 53 CD 43 FF FF 1F 83 FB 23 30 41 CF 0C 
0E 93 06 24 4D 4D 1F 53 CF 4D FF FF 1E 83 FB 23 
30 41 02 12 32 C2 03 43 82 4C C0 04 82 4D C8 04 
1C 42 CA 04 00 13 BC F0 FF CF 00 00 8C DD 00 00 
BC D0 40 00 00 00 30 41 AC 4D 08 00 1F 43 2F FC 
1F DD 02 00 8C 4F 00 00 30 41 CF 0C CC 0D 3D 40 
03 00 0D 5F 1E 4F 01 00 30 40 FC FC CF 0C 0E 93 
05 24 1F 53 FF 4D FF FF 1E 83 FB 23 30 41 F2 40 
A5 00 21 01 D2 D3 24 01 C2 43 21 01 30 41 F2 40 
A5 00 21 01 F2 D2 24 01 C2 43 21 01 30 41 A2 93 
04 03 04 20 D2 D3 02 02 D2 43 75 20 00 13 9D 4C 
04 00 02 00 AD 4C 00 00 8C 43 00 00 30 41 2F 4D 
4F C3 3F D0 00 5A 8C 4F 00 00 30 41 8C 43 00 00 
8C 43 02 00 BC 43 04 00 30 41 3F 43 1F 53 7E 4C 
0E 93 FC 23 CC 0F 30 41 BC F0 CF FF 00 00 8C DD 
00 00 30 41 9D 4C 04 00 02 00 AD 4C 00 00 30 41 
AD 4C 02 00 9D 4C 04 00 00 00 30 41 3E B0 00 01 
02 20 8C 43 1C 00 30 41 AD 4C 00 00 BC 40 80 5A 
00 00 30 41 3C 40 00 10 1C F2 24 01 30 41 0C 93 
02 34 3C E3 1C 53 30 41 CD 0C 1C 43 0E 43 30 40 
EE EC 0D 93 02 24 3D E0 00 80 30 41 1D 83 02 30 
CD 18 0C 5C 30 41 4D 4D 8C CD 1C 00 30 41 BC D0 
10 00 00 00 30 41 4D 4D 8C DD 1A 00 30 41 4D 4D 
8C CD 1C 00 30 41 1C 4C 0A 00 4C FD 30 41 BC F0 
FF CF 00 00 30 41 0C 5D 8C 4E 10 00 30 41 32 D0 
10 00 FD 3F 03 43 B0 12 72 E0 1C 43 30 41 9C 4D 
02 00 04 00 30 41 1C 4C 12 00 30 41 9C C3 00 00 
30 41 03 43 FF 3F 03 43 AC 4D 00 00 30 41 30 41 
30 41 
@ff80
FF FF FF FF FF FF FF FF 
@ffda
40 EC 1E FE 40 F9 1E FE 1E FE 42 E9 1E FE 2E FD 
1E FE 1E FE 1E FE 1E FE 1E FE 06 F8 1E FE 1E FE 
1E FE 1E FE 7E FB 
q
